                 BEST y|                 CURR y|              ACCEPT PB|  ACC-BEST|            TEMPERATURE|                DENSITY|ACTUAL#MARKOV|MAX MARKV LEN|
     0.6406491207897235|     0.6406491207897235|                    1.0|        TT|               900000.0|     0.8704001181928082|            6|           19|
     0.6406491207897235|     3.2594321293345407|     0.9999973670673707|        TF|       748421.052631579|     0.8128603107953749|           19|           19|
     0.6406491207897235|     0.7676055025513098|                    1.0|        TF|      622371.1911357341|    0.30151334532985385|           19|           19|
     0.6406491207897114|     0.6406491207897114|                    1.0|        TT|      560134.0720221607|     0.2672627376301594|           11|           12|
     0.6406491207897114|     1.0343094677514262|                    1.0|        TF|      504120.6648199447|    0.41026439891989075|           11|           11|
      0.578601527039645|      0.578601527039645|                    1.0|        TT|     453708.59833795024|     0.2714829725161835|            4|           13|
      0.578601527039645|       4.10752394929603|      0.999993090894812|        TF|      379465.3731553766|     0.8591361768836896|           11|           11|
      0.578601527039645|     3.9253018213853004|                    1.0|        TF|      311561.0432223092|     0.8525969330848939|           19|           19|
      0.578601527039645|      3.965767285044274|     0.9999983082251159|        TF|     255808.01443515913|     0.8541009884211637|           19|           19|
      0.578601527039645|      3.965767285044252|     0.9999985767792463|        TF|     210031.84343097275|     0.8541009884211628|           19|           19|
     0.5725999530207837|     0.5725999530207837|                    1.0|        TT|     189028.65908787548|     0.2039275322996541|           19|           19|
     0.5725999530207837|     0.8796333366935154|                    1.0|        TF|     170125.79317908792|    0.34904700727561133|           11|           11|
     0.5725999530207837|     0.6345531722094774|                    1.0|        TF|     151695.49891802008|    0.14825056696243732|           12|           12|
     0.5725999530207837|      1.003016034993144|                    1.0|        TF|      135472.5080615096|     0.4291218355001697|           10|           10|
     0.5725999530207837|      3.778044694494675|     0.9999936878307165|        TF|     118075.29068010635|      0.848440132575676|           13|           13|
     0.5725999530207837|     0.6345531722097013|                    1.0|        TF|     100243.15979230666|     0.1062190917940311|           19|           19|
     0.5725999530207837|     0.8965138919319718|                    1.0|        TF|      87526.87222431676|    0.36130387027596333|           10|           10|
     0.5725999530207837|      4.601444666726339|     0.9999546790431171|        TF|      75356.66787899913|     0.8755608304580232|           12|           12|
     0.5725999530207837|     0.9361841547945104|                    1.0|        TF|       63186.3908422873|     0.3883682498915316|           19|           19|
     0.5725999530207837|     0.7306531097606837|     0.9999984791050226|        TF|      54208.83444437094|    0.21631764051708247|           13|           13|
     0.5725999530207837|      4.388603136139821|     0.9999303917306995|        TF|      46857.75822860895|     0.8695256929692581|           11|           11|
     0.5725999530207837|       2.49251992397183|                    1.0|        TF|       39233.0818159011|     0.7702726676269268|           19|           19|
     0.5725999530207837|     0.8293378920431433|                    1.0|        TF|      32978.59949358362|      0.309569768227838|           18|           18|
     0.5725999530207837|     4.9649825267192575|     0.9999763313627357|        TF|     28374.378436396306|      0.884672312553103|           12|           12|
     0.5725999530207837|     0.9051759106016128|                    1.0|        TF|      23781.68860015713|    0.36741582899592085|           19|           19|
     0.5725999530207837|      4.479112913265631|     0.9998366020000481|        TF|     20474.374832069665|     0.8721621972679156|           12|           12|
     0.5725999530207837|      4.721142244608737|     0.9998211323644989|        TF|     17167.399993750212|     0.8787158015256459|           19|           19|
     0.5721336655665545|     0.5721336655665545|                    1.0|        TT|     15450.659994375192|    0.03503153190375363|           18|           19|
     0.5721336655665545|      2.032040641252997|                    1.0|        TF|     13905.593994937673|     0.7184437880072294|           10|           10|
     0.5716148937463997|     0.5716148937463997|                    1.0|        TT|     12515.034595443907|    0.02770634973230246|            4|           17|
     0.5716148937463997|     0.5964579747295278|     0.9999987788058547|        TF|     10512.629060172883|    0.04165101656054393|           10|           10|
     0.5716148937463997|     0.5811746784216916|                    1.0|        TF|      8830.608410545223|   0.016449072938369502|           10|           10|
     0.5716148937463997|     2.4083904093143795|     0.9998188382772055|        TF|      7417.711064857988|     0.7626568800740545|           10|           10|
     0.5716148937463997|      5.240199340821817|     0.9993721025564732|        TF|      6099.006875549902|     0.8909173379544081|           18|           18|
     0.5716148937463997|      5.196111654293165|     0.9992988943789763|        TF|      5007.605645188341|     0.8899917992958992|           19|           19|
     0.5716148937463997|     0.8807135332409787|     0.9999396711892896|        TF|      4111.507792891481|     0.3509638807946013|           19|           19|
     0.5716148937463997|      0.760177812110418|     0.9999634758841581|        TF|     3495.3510848709016|    0.24805106826326173|           12|           12|
     0.5716148937463997|     0.5718756643675764|                    1.0|        TF|     2986.0561622553632|   0.001720327200901428|           11|           11|
     0.5716148937463997|     3.6485989888142605|                    1.0|        TF|     2563.3761902574433|     0.8433330449581236|           10|           10|
     0.5716148937463997|     1.7710766801890032|     0.9995979617916606|        TF|      2129.556816930305|     0.6772500591643502|           19|           19|
     0.5716148937463997|      2.790674764128248|                    1.0|        TF|     1792.4367678846359|     0.7951696481818579|           16|           16|
     0.5716148937463997|     0.8678980020518783|                    1.0|        TF|     1500.3806872800342|    0.34138010181496914|           18|           18|
     0.5716148937463997|      0.572599953020831|                    1.0|        TF|      1287.388635086968|  0.0017203272009269632|           12|           12|
     0.5716148937463997|     1.4830110670090908|     0.9992930733934284|        TF|     1113.6355053471125|     0.6145579042109093|           10|           10|
     0.5716148937463997|     3.6034846309807027|     0.9975466182395879|        TF|      939.1915109521849|     0.8413716298851447|           15|           15|
     0.5716148937463997|     0.6841498919258415|     0.9998807383315338|        TF|       783.500468104318|     0.1644888050229204|           19|           19|
     0.5716148937463997|      5.462688313507638|     0.9937781023501585|        TF|      675.3161738287706|     0.8953601485310881|           11|           11|
     0.5716148937463997|      4.359989738982069|     0.9948151512345211|        TF|       564.462681346585|     0.8688953580244307|           19|           19|
     0.5716148937463997|     0.9583088773346661|                    1.0|        TF|      471.8058458848098|     0.4035170629575864|           19|           19|
     0.5716148937463997|     3.4865169960763307|                    1.0|        TF|      403.9165457001488|     0.8360498760253612|           13|           13|
     0.5716148937463997|     1.5469771958994478|     0.9983793478096759|        TF|      338.6393401912009|     0.6304955914918644|           19|           19|
     0.5716148937463997|     3.9293035137775076|     0.9906376152663612|        TF|      287.2059059687845|     0.8545251361361832|           16|           16|
     0.5716148937463997|     0.6778512287739529|                    1.0|        TF|     241.40227620579262|    0.15672514929227988|           19|           19|
     0.5716148937463997|      4.785512236264237|     0.9846545763510666|        TF|     208.94915511042237|     0.8805530389380792|           11|           11|
     0.5716148937463997|     0.5721336655665354|                    1.0|        TF|      175.0906558063905|   9.067318554345505E-4|           19|           19|
     0.5716148937463997|     4.8860838680160015|     0.9782664745869856|        TF|      151.8642527466228|     0.8830116491679246|           10|           10|
     0.5716148937463997|     0.5721336655665115|                    1.0|        TF|      126.8743038312212|   9.067318553926951E-4|           19|           19|
     0.5716148937463997|     0.5721336655665119|                    1.0|        TF|     109.87618422013801|   9.067318553934722E-4|           10|           10|
     0.5716148937463997|     0.6728033074416169|                    1.0|        TF|      95.15540573793352|     0.1503982108530254|           10|           10|
     0.5716148937463997|     0.6759686261421747|                    1.0|        TF|      82.40685918806453|    0.15437659139793647|           10|           10|
     0.5716148937463997|      4.793373931863309|                    1.0|        TF|      71.36631270265626|     0.8807489459675435|           10|           10|
     0.5716148937463997|     3.4273452034967637|     0.9607819130825698|        TF|     59.572989634152634|     0.8332193403911554|           19|           19|
     0.5716148937463997|     0.7869330604312261|                    1.0|        TF|      49.72851979528943|    0.27361687735782203|           19|           19|
     0.5716148937463997|     1.9982640349160208|                    1.0|        TF|     42.877091454260686|     0.7139442617399545|           11|           11|
     0.5716148937463997|     0.5721336655665439|                    1.0|        TF|      36.02799810112084|   9.067318554493164E-4|           17|           17|
     0.5716148937463997|     0.5725999530207961|     0.9999870577200669|        TF|     31.159178135670313|   0.001720327200866234|           10|           10|
     0.5716148937463997|     1.2354858257584547|      0.983840094223657|        TF|      26.94833000061222|     0.5373359355252092|           10|           10|
     0.5716148937463997|     3.6019706688922115|     0.9151704485478248|        TF|     22.807143607512753|     0.8413049560111492|           14|           14|
     0.5716148937463997|     0.5721336655665433|                    1.0|        TF|       19.0242799782849|   9.067318554483172E-4|           19|           19|
     0.5716148937463997|       0.57165012668005|     0.7855257587953803|        TF|     16.462379281337498|   4.559918132961416E-4|           10|           10|
     0.5716148937463997|     0.5725999530207826|     0.8199820685020306|        TF|     14.245476407619739|  0.0017203272008425863|           10|           10|
     0.5716148937463997|      5.292271320967397|     0.7307403377805595|        TF|     12.327112297194207|     0.8919906295276804|           10|           10|
     0.5716148937463997|     0.5721336655664977|                    1.0|        TF|      10.28558165459139|   9.067318553686032E-4|           19|           19|
     0.5716148937463997|     0.8524215428332288|                    1.0|        TF|      8.901829613078956|    0.32942228108583504|           10|           10|
     0.5716148937463997|     0.6192868601305925|                    1.0|        TF|      7.607109063853972|    0.07697881136076412|           12|           12|
     0.5716148937463997|     1.1803289818774412|     0.9231616603452133|        TF|     6.5583149126496005|     0.5157156161351013|           10|           10|
     0.5716148937463997|      0.572133665566513|                    1.0|        TF|     5.5376993301769755|   9.067318553953596E-4|           14|           14|
     0.5716148937463997|     0.9652227511032867|                    1.0|        TF|      4.763918111110825|    0.40778965985517646|           10|           10|
     0.5716148937463997|     0.5721336655665163|      0.492338504989255|        TF|      4.031998059762708|   9.067318554012438E-4|           13|           13|
     0.5716148937463997|     0.5751921511316884|                    1.0|        TF|      3.462437232197382|   0.006219238872175903|           10|           10|
     0.5716148937463997|     0.8258484088623417|                    1.0|        TF|     2.9733326775490103|    0.30784525632998994|           10|           10|
     0.5716148937463997|     0.5721336655665133|                    1.0|        TF|     2.5242102962632758|   9.067318553959147E-4|           12|           12|
     0.5716148937463997|     0.5721336655665445|    0.16197804780084984|        TF|     2.1644048137948926|   9.067318554504267E-4|           10|           10|
     0.5716148937463997|     0.5725999530207986|    0.10714185044808554|        TF|     1.8558866529121765|  0.0017203272008704529|           10|           10|
     0.5716148937463997|     0.8233348412379884|                    1.0|        TF|     1.5913452264128802|     0.3057321698096679|           10|           10|
     0.5716148937463997|     1.4784559809886715|      0.565790064885215|        TF|      1.349272706324272|     0.6133703667226196|           12|           12|
     0.5716148937463997|      0.572133665566511|    0.05549143171620703|        TF|     1.1311026845738759|   9.067318553919179E-4|           15|           15|
     0.5716148937463997|     0.9742199719202745|    0.10232776474206687|        TF|     0.9714705139492323|     0.4132589043317437|           10|           10|
     0.5716148937463997|         3.001280422249|     0.8243348199185239|        TF|     0.8211693118007388|       0.80954299054866|           13|           13|
     0.5716148937463997|     0.5721336655665494|                    1.0|        TF|     0.6823788664875322|   9.067318554589754E-4|           19|           19|
     0.5716148937463997|     0.5721336655664992|     0.5399050396660965|        TF|     0.5893542405427667|   9.067318553713788E-4|           10|           10|
     0.5716148937463997|     0.6511460843380978|                    1.0|        TF|     0.5090111049798868|     0.1221403192073911|           10|           10|
     0.5716148937463997|     0.5721336655665287|     0.9999999999999485|        TF|     0.4396206681303147|   9.067318554226711E-4|           10|           10|
     0.5716148937463997|     0.5721336655664804|                    1.0|        TF|     0.3796898141445874|   9.067318553384052E-4|           10|           10|
     0.5716148937463997|     0.5721336655665155|      0.999320725622239|        TF|    0.32792897471876226|   9.067318553996895E-4|           10|           10|
     0.5716148937463997|     0.5721336655665178|                    1.0|        TF|     0.2832243806760324|   9.067318554036863E-4|           10|           10|
     0.5716148937463997|     0.5721336655665334|   7.181644236941799E-7|        TF|    0.24461409632411052|   9.067318554309978E-4|           10|           10|
     0.5716148937463997|     0.5721336655665452|     0.9999999999999764|        TF|    0.21126732090520478|   9.067318554516479E-4|           10|           10|
     0.5716148937463997|     0.9010498757704453|    0.21079437223423897|        TF|    0.18246651175541193|     0.3656123716152352|           10|           10|
     0.5716148937463997|     0.5721336655664992|                    1.0|        TF|    0.15565548865636672|   9.067318553713788E-4|           12|           12|
     0.5716148937463997|     0.5721336655665239|      0.213258601761142|        TF|     0.1340016468214114|   9.067318554143444E-4|           10|           10|
     0.5716148937463997|     0.5721336655665374|  8.597114910727719E-15|        TF|    0.11536015533953878|   9.067318554379922E-4|           10|           10|
     0.5716148937463997|     0.5721336655664679|     0.0668892811003029|        TF|    0.09931195440977303|   9.067318553166448E-4|           10|           10|
     0.5716148937463997|     0.5721336655665461|   6.581463989679249E-8|        TF|     0.0854962812737165|   9.067318554532022E-4|           10|           10|
     0.5716148937463997|     0.6888194100799977| 2.2907626922732577E-18|        TF|     0.0736025602866912|    0.17015274920894885|           10|           10|
     0.5716148937463997|     0.6543717771696593|    0.32715317951307166|        TF|    0.06295602365057716|    0.12646768444263634|           11|           11|
     0.5716148937463997|     0.5721336655665417|   2.018711528413472E-4|        TF|    0.05410503636858587|   9.067318554454307E-4|           10|           10|
     0.5716148937463997|     0.5721336655665287|  5.576985674013722E-16|        TF|    0.04649840937689467|   9.067318554226711E-4|           10|           10|
     0.5716148937463997|     0.5721336655664553|    0.18648846365877492|        TF|    0.03996119806393167|   9.067318552945514E-4|           10|           10|
Runtime: 7.790657162 sec
Nbr d'outer loop: 109
