                 BEST x|                 CURR x|
   -0.38020398350855444|   -0.38020398350855444|
  -0.038534891679305794|  -0.038534891679305794|
  -0.038534891679305794|     0.9234151283812704|
  -0.038534891679305794|    -0.5207778554113656|
    -1.1203900792516777|    -1.1203900792516777|
    -1.1203900792516777|     0.8725940946611033|
    -1.1203900792516777|    -2.4338614359104227|
    -1.1203900792516777|    -0.9726339111109414|
    -1.1203900792516777|    -0.7151334129004276|
    -1.1203900792516777|    -1.8683974740976939|
    -1.1203900792516777|     0.1706540236403944|
    -2.1768345219323484|    -2.1768345219323484|
     -2.123763322296781|     -2.123763322296781|
     -2.123763322296781|     0.4290605880844378|
     -2.123763322296781|     -4.188449620351347|
     -2.123763322296781|     1.7281245957909004|
     -2.123763322296781|     1.3587967282145352|
     -2.123763322296781|     2.2048762894659992|
     -2.123763322296781|    -2.2890012741740176|
     -2.123763322296781|    -2.7800127561869936|
     -2.123763322296781|    -3.5050090243799756|
     -2.123763322296781|      1.414188386877563|
     -2.123763322296781|    -3.1942191269380746|
     -2.123763322296781|    -1.9064271339205252|
     -2.123763322296781|      4.919593968002355|
     -2.123763322296781|      4.481279537078067|
     -2.123763322296781|    -1.9897712133465562|
     -2.123763322296781|    -1.7604775758710511|
     -2.123763322296781|    0.06216398327350081|
     -2.123763322296781|    -1.6341203606293417|
     -2.123763322296781|    -1.4022187639910735|
     -2.123763322296781|    -1.3882061957529683|
     -2.123763322296781|    -1.2651818700593986|
     -2.123763322296781|    -1.4211613453946224|
     -2.123763322296781|     3.9604373451372137|
     -2.123763322296781|     -1.366028460001126|
     -2.123763322296781|    -1.8587296295893307|
     -2.123763322296781|     -4.545682012079785|
     -2.123763322296781|    -0.1341879649224964|
     -2.123763322296781|     -1.426625385053648|
     -2.123763322296781|    -0.9369441709760633|
     -2.123763322296781|     -3.744587521323375|
     -2.123763322296781|       -4.9122137915033|
     -2.123763322296781|    -0.7960128390602463|
     -2.123763322296781|    -0.6994817019790329|
     -2.123763322296781|    -2.4882248110790464|
     -2.123763322296781|    0.18286957593737263|
     -2.123763322296781|     -4.436923820360073|
     -2.123763322296781|    -0.1690531843421521|
     -2.123763322296781|    -0.9021262753118764|
     -2.123763322296781|    -0.6385682880506734|
     -2.123763322296781|     3.2431957160909057|
     -2.123763322296781|     2.8363788466113142|
     -2.123763322296781|      4.837364327437232|
     -2.123763322296781|      4.685762188238771|
     -2.123763322296781|     -1.148516980293477|
     -2.123763322296781|    -0.9366402034123869|
     -2.123763322296781|     -0.714486351152818|
     -2.123763322296781|     2.7660628629421966|
     -2.123763322296781|       2.37466329517574|
     -2.123763322296781|     2.7771420555933446|
     -2.123763322296781|      4.152102689967073|
     -2.123763322296781|    -0.4556034060276817|
     -2.123763322296781|     0.7954932786517732|
     -2.123763322296781|    -0.9452565677268137|
     -2.123763322296781|     1.0228415031813096|
     -2.123763322296781|    -2.4591207607744914|
     -2.123763322296781|     1.1692251400502043|
     -2.123763322296781|    0.25660196158893456|
     -2.123763322296781|   -0.14891518879991783|
     -2.123763322296781|     3.5466802541526654|
     -2.123763322296781|      4.039134935848811|
     -2.123763322296781|     1.2828074965726257|
     -2.123763322296781|    -1.2821013354425004|
     -2.123763322296781|      2.707526953119541|
     -2.123763322296781|      2.299802794296138|
     -2.123763322296781|      1.857907154703607|
     -2.123763322296781|    -2.6122564863454265|
     -2.123763322296781|    -0.9657154756307076|
     -2.123763322296781|      -4.54660533432078|
     -2.123763322296781|     -4.645252044913001|
     -2.123763322296781|    -0.6653152282296801|
     -2.123763322296781|     0.9400341315858824|
     -2.123763322296781|     1.0357232852344516|
     -2.123763322296781|       3.30353271276827|
     -2.123763322296781|     3.7558584661331142|
     -2.123763322296781|     3.3791303024742128|
     -2.123763322296781|     1.6763305034375184|
     -2.123763322296781|     1.8952763180488446|
     -2.123763322296781|     2.2991798072128207|
     -2.123763322296781|    -3.7711405888119955|
     -2.123763322296781|      4.687879695920561|
     -2.123763322296781|     -4.500296021182816|
     -2.123763322296781|    -4.7058125490816565|
     -2.123763322296781|        2.6655821220739|
     -2.123763322296781|      0.868207412796921|
     -2.123763322296781|     1.7919016829277714|
     -2.123763322296781|     1.5230721114918404|
     -2.123763322296781|     1.8524850109846134|
     2.0462943893909724|     2.0462943893909724|
     2.0462943893909724|      2.698315182425672|
     2.0462943893909724|     1.3897988415878606|
     2.0462943893909724|    -1.7277080362928219|
     2.0462943893909724|    -2.9052773556462306|
     2.0462943893909724|     2.1303096340061645|
     2.0462943893909724|   -0.11788769571967972|
     2.0462943893909724|     -4.331281659293808|
     2.0462943893909724|      3.621988421370352|
     2.0462943893909724|      4.043101171200334|
     2.0462943893909724|      4.221647669082303|
     2.0462943893909724|     4.1090676297711255|
     2.0462943893909724|    -0.9498157391156061|
     2.0462943893909724|    -4.8425215324347635|
     2.0462943893909724|      4.434034303054119|
     2.0462943893909724|      4.588275054767477|
     2.0462943893909724|    -2.7803185146337652|
     2.0462943893909724|      2.896801411478572|
     2.0462943893909724|    -0.4818343156645408|
     2.0462943893909724|    -0.4818343156645408|
     2.0462943893909724|    -0.4818343156645408|
     2.0462943893909724|     -4.760612571194906|
     2.0462943893909724|     2.9752793179723707|
     2.0462943893909724|     2.9752793179723707|
     2.0462943893909724|      2.492242177504474|
     2.0462943893909724|      2.750606720318247|
     2.0462943893909724|     3.6947131166456195|
     2.0462943893909724|     -4.414602394785056|
     2.0462943893909724|     -4.043813669555616|
     2.0462943893909724|     -4.089598231458082|
     2.0462943893909724|     -4.866965009820148|
     2.0462943893909724|     0.9740401400115317|
     2.0462943893909724|      -4.11635448560931|
     2.0462943893909724|     2.1179988360534345|
     2.0462943893909724|     0.6765340869590091|
     2.0462943893909724|      4.481056052110887|
     2.0462943893909724|      4.610241095434535|
     2.0462943893909724|    -3.1936807964955296|
     2.0462943893909724|     -2.942479340423656|
     2.0462943893909724|     -2.779292027853053|
     2.0462943893909724|     -4.597940286100065|
     2.0462943893909724|      4.549660420957279|
     2.0462943893909724|      4.111853193149909|
     2.0462943893909724|      4.111853193149909|
     2.0462943893909724|       2.14399314139421|
     2.0462943893909724|    -3.4792521468323456|
     2.0462943893909724|     -2.534432606346005|
     2.0462943893909724|    -1.9438360037120894|
     2.0462943893909724|      4.827781215454879|
     2.0462943893909724|      4.972235141250467|
     2.0462943893909724|      2.966257863405529|
     2.0462943893909724|      2.966257863405529|
     2.0462943893909724|      4.105017156812501|
     2.0462943893909724|     3.8200805653932264|
     2.0462943893909724|      4.297160335757468|
     2.0462943893909724|     3.5177763622938265|
     2.0462943893909724|      3.381143222344258|
     2.0462943893909724|      4.226334078377915|
     2.0462943893909724|     0.5447376585778017|
     2.0462943893909724|     3.3290605916607117|
     2.0462943893909724|     1.2259058716858773|
     2.0462943893909724|     -4.976847269955593|
     2.0462943893909724|     -4.556443735876881|
     2.0462943893909724|      -4.50405198114385|
     2.0462943893909724|      1.743554672639772|
     2.0462943893909724|   -0.37188060967601544|
     2.0462943893909724|   -0.10331305090342979|
     2.0462943893909724|      -4.92392924410204|
     2.0462943893909724|      4.298471032200103|
     2.0462943893909724|     2.6502677002516446|
     2.0462943893909724|      2.169939120520461|
     2.0462943893909724|      2.181963132297742|
     2.0462943893909724|     0.4149135038094087|
     2.0462943893909724|     -3.735184565223574|
     2.0462943893909724|     -3.870349444258696|
     2.0462943893909724|     3.8233781126886974|
     2.0462943893909724|    -2.4518608348671944|
     2.0462943893909724|     1.4513341786568121|
     2.0462943893909724|     3.3120245808010544|
     2.0462943893909724|     2.3485512535071598|
     2.0462943893909724|     3.0636025440230306|
     2.0462943893909724|     3.0636025440230306|
     2.0462943893909724|    -0.6677609920580743|
     2.0462943893909724|      4.303212927338077|
     2.0462943893909724|      2.177279142277847|
     2.0462943893909724|     1.8357217551067428|
     2.0462943893909724|      1.152452973939547|
     2.0462943893909724|      1.152452973939547|
     2.0462943893909724|    -3.2987461388962593|
     2.0462943893909724|     -3.172578223907349|
     2.0462943893909724|     3.6580055665583817|
     2.0462943893909724|     -4.316814377264199|
     2.0462943893909724|     -3.241706290786981|
     2.0462943893909724|      -4.84724438218816|
     2.0462943893909724|    -1.5222475701381555|
     2.0462943893909724|     2.4865278511428066|
     2.0462943893909724|    -3.2665204709094544|
     2.0462943893909724|     -2.955855064317978|
     2.0462943893909724|     3.9420665584244965|
     2.0462943893909724|     3.6473069615735265|
     2.0462943893909724|   -0.10205677648497424|
     2.0462943893909724|    -3.5496087638377904|
     2.0462943893909724|    -2.8935121800919927|
     2.0462943893909724|     -3.367955409807107|
     2.0462943893909724|     1.0412382785861443|
     2.0462943893909724|    -3.9012571048531166|
     2.0462943893909724|     2.5696962067464426|
     2.0462943893909724|     2.1052680845297225|
     2.0462943893909724|     1.7161789199636814|
     2.0462943893909724|      1.514999572700304|
     2.0462943893909724|     0.5055851347073093|
     2.0462943893909724|     0.7011439649140572|
     2.0462943893909724|     1.0186255470436754|
     2.0462943893909724|     1.1772669629214367|
     2.0462943893909724|      1.210550609702414|
     2.0462943893909724|     0.9831684668848855|
     2.0462943893909724|      0.814349366395676|
     2.0462943893909724|     -2.167545895368719|
     2.0462943893909724|    -2.0636271873226653|
     2.0462943893909724|      1.865035583524163|
     2.0462943893909724|      2.218054586169788|
     2.0462943893909724|    0.18157408827839028|
     2.0462943893909724|    -1.5266103471039436|
     2.0462943893909724|      2.522042148880259|
     2.0462943893909724|      1.713083372800753|
     2.0462943893909724|      1.713083372800753|
     2.0462943893909724|      -1.77355338199783|
     2.0462943893909724|      4.691937104014649|
     2.0462943893909724|     -1.219915140823593|
     2.0462943893909724|      2.201365701272157|
     2.0462943893909724|     -4.534773896822106|
     2.0462943893909724|     0.8399663346319635|
     2.0462943893909724|    -3.8989127715966934|
     2.0462943893909724|    -3.9709586822706298|
     2.0462943893909724|      -4.24896348698467|
     2.0462943893909724|      2.519048957280873|
     2.0462943893909724|     -4.309831241174082|
     2.0462943893909724|      3.206270893412622|
     2.0462943893909724|     0.8525117764149739|
     2.0462943893909724|     0.8525117764149739|
     2.0462943893909724|     1.0006565156571026|
     2.0462943893909724|     3.5166857295986507|
     2.0462943893909724|      3.159991644156209|
     2.0462943893909724|       3.63904104774264|
     2.0462943893909724|     1.4705197227507973|
     2.0462943893909724|     1.8879451107902223|
     2.0462943893909724|    -2.5789805996345008|
     2.0462943893909724|    -2.5789805996345008|
     2.0462943893909724|    -2.7334168172723894|
     2.0462943893909724|      1.200388520346185|
     2.0462943893909724|     -4.892840994716155|
     2.0462943893909724|     -4.549342983408015|
     2.0462943893909724|     0.9062548154457604|
     2.0462943893909724|     1.2563236630181178|
     2.0462943893909724|     0.9308983827122419|
     2.0462943893909724|      2.873063708185949|
     2.0462943893909724|      2.873063708185949|
     2.0462943893909724|     1.2002110172873204|
     2.0462943893909724|     0.7970531288853078|
     2.0462943893909724|     1.0276877920912886|
     2.0462943893909724|     1.0276877920912886|
     2.0462943893909724|      1.958783614752794|
     2.0462943893909724|    -2.2997577970914795|
     2.0462943893909724|     -3.765018399657901|
     2.0462943893909724|    -0.7466960780136969|
     2.0462943893909724|      1.405083655320376|
     2.0462943893909724|    -2.7993121402389773|
     2.0462943893909724|     -3.061639047279047|
     2.0462943893909724|     1.6555306026286924|
     2.0462943893909724|     3.7406824430531795|
     2.0462943893909724|     4.1592981634647765|
     2.0462943893909724|    -1.6831314652226572|
    -2.1523871532442573|    -2.1523871532442573|
    -2.1523871532442573|     -4.302620066447779|
    -2.1523871532442573|     -4.389231975521518|
    -2.1523871532442573|     -4.382131332362182|
    -2.1523871532442573|     -4.628504220105393|
    -2.1523871532442573|    -1.4556413768342615|
    -2.1523871532442573|     -3.295947171893976|
    -2.1523871532442573|    -1.7015204445008916|
    -2.1523871532442573|     -2.554817151969492|
    -2.1523871532442573|    -3.0509992685387677|
    -2.1523871532442573|    -3.2595381506922387|
    -2.1523871532442573|    -3.2595381506922387|
    -2.1523871532442573|    -3.6830312799523846|
    -2.1523871532442573|    -0.9210293802724534|
    -2.1523871532442573|    -1.0950052590304784|
    -2.1523871532442573|    -0.8967113542018377|
    -2.1523871532442573|     -1.238025776424724|
    -2.1523871532442573|    -0.9777294077001176|
    -2.1523871532442573|    -0.7806307228314807|
    -2.1523871532442573|     2.8058342862682792|
    -2.1523871532442573|    0.07171931284839772|
    -2.1523871532442573|     -0.147790050248514|
    -2.1523871532442573|    0.26039424840655967|
    -2.1523871532442573|    -2.9509068805157925|
    -2.1523871532442573|    -2.5805357475499564|
    -2.1523871532442573|     3.8293665648813615|
    -2.1523871532442573|      4.494048161728774|
    -2.1523871532442573|      4.816608533476223|
    -2.1523871532442573|      4.804949101049968|
    -2.1523871532442573|    -1.4215143830887875|
    -2.1523871532442573|    -0.4244602300919551|
    -2.1523871532442573|    -0.4244602300919551|
    -2.1523871532442573|      3.589995099786151|
    -2.1523871532442573|     1.3758406867000925|
    -2.1523871532442573|    0.35502282687405096|
    -2.1523871532442573|      2.815015639155261|
    -2.1523871532442573|      2.815015639155261|
    -2.1523871532442573|     -2.797703534423074|
    -2.1523871532442573|     -2.797703534423074|
    -2.1523871532442573|      2.093514865966072|
    -2.1523871532442573|      2.093514865966072|
    -2.1523871532442573|     -3.599993379146472|
    -2.1523871532442573|     -2.419763967770343|
    -2.1523871532442573|     -3.981434007682733|
    -2.1523871532442573|    -2.3661980647597236|
    -2.1523871532442573|    -2.1760278504187056|
    -2.1523871532442573|    0.24701297645775533|
    -2.1523871532442573|      1.665634298280616|
    -2.1523871532442573|     -2.462088188965559|
    -2.1523871532442573|     1.1258712573830536|
    -2.1523871532442573|    -1.3004204442858027|
    -2.1523871532442573|     -1.369253488898597|
    -2.1523871532442573|    -1.4266238138068026|
    -2.1523871532442573|   -0.40851571736739345|
    -2.1523871532442573|   -0.32466001922359844|
    -2.1523871532442573|     -3.686230449379071|
    -2.1523871532442573|    -3.7499460176375297|
    -2.1523871532442573|    -3.7499460176375297|
    -2.1523871532442573|     -4.138712215007639|
    -2.1523871532442573|     3.3422883594067603|
    -2.1523871532442573|    -2.2105639048802264|
    -2.1523871532442573|      3.298627950844706|
    -2.1523871532442573|     3.3154124820942488|
    -2.1523871532442573|      -3.81266504503753|
    -2.1523871532442573|     1.4760477614000855|
    -2.1523871532442573|     1.9219393239619795|
    -2.1523871532442573|    -0.8706575153574727|
    -2.1523871532442573|      4.444444019044235|
    -2.1523871532442573|      4.112941505895201|
    -2.1523871532442573|     0.2601459392015464|
    -2.1523871532442573|     3.3488268637655594|
    -2.1523871532442573|      3.369393726708938|
    -2.1523871532442573|     2.9073551652668006|
    -2.1523871532442573|       2.61952330425968|
    -2.1523871532442573|     1.6150520802862207|
    -2.1523871532442573|     1.6150520802862207|
    -2.1523871532442573|      2.037565792721716|
    -2.1523871532442573|     -0.501076355573769|
    -2.1523871532442573|    -0.8163963614960784|
    -2.1523871532442573|    -0.9257548407702677|
    -2.1523871532442573|     0.7137013176308349|
    -2.1523871532442573|     -3.642289830832702|
    -2.1523871532442573|      2.488582291409535|
    -2.1523871532442573|      2.488582291409535|
    -2.1523871532442573|      2.958035208870033|
    -2.1523871532442573|      2.958035208870033|
    -2.1523871532442573|     1.1023561335382954|
    -2.1523871532442573|      1.320063007302406|
    -2.1523871532442573|      2.822339192992878|
    -2.1523871532442573|      1.333234627277954|
    -2.1523871532442573|    -1.3266349808576283|
    -2.1523871532442573|     2.4184199132207578|
    -2.1523871532442573|     2.2129943514111923|
    -2.1523871532442573|     -3.054893625622438|
    -2.1523871532442573|    -3.5497488506742294|
    -2.1523871532442573|     1.1310055024188799|
    -2.1523871532442573|      4.685532154132622|
    -2.1523871532442573|       4.35112638642071|
    -2.1523871532442573|     -4.877696975414198|
    -2.1523871532442573|    -3.7066834341555808|
    -2.1523871532442573|    -1.1858407329274465|
    -2.1523871532442573|    -0.8570911017634469|
    -2.1523871532442573|    -0.8570911017634469|
    -2.1523871532442573|    -1.4750670085541886|
    -2.1523871532442573|    -1.4750670085541886|
    -2.1523871532442573|    -1.9044255619524932|
    -2.1523871532442573|     0.2822212055789368|
    -2.1523871532442573|    -2.5418623146397845|
    -2.1523871532442573|     -4.744931889637512|
    -2.1523871532442573|     1.9265394781048357|
    -2.1523871532442573|    -2.7413208414001513|
    -2.1523871532442573|     1.7039214703650982|
    -2.1523871532442573|     1.7039214703650982|
    -2.1523871532442573|     1.7039214703650982|
    -2.1523871532442573|     -3.699070654448904|
    -2.1523871532442573|   -0.11557554856396113|
    -2.1523871532442573|    -0.4137337707278902|
    -2.1523871532442573|     -2.274026294067352|
    -2.1523871532442573|     0.4715399088238552|
    -2.1523871532442573|    0.31185589580484163|
    -2.1523871532442573|       4.27987887790257|
    -2.1523871532442573|     0.2722597978659156|
    -2.1523871532442573|    -3.2370389577194425|
    -2.1523871532442573|    -0.9166004243043977|
    -2.1523871532442573|    -0.7260979150635186|
    -2.1523871532442573|     0.5818289398944287|
    -2.1523871532442573|     0.5818289398944287|
    -2.1523871532442573|     0.5818289398944287|
    -2.1523871532442573|     0.5818289398944287|
    -2.1523871532442573|     0.6044979648545814|
    -2.1523871532442573|     -4.198701345745338|
    -2.1523871532442573|      3.502816683522017|
    -2.1523871532442573|      3.965957880217129|
    -2.1523871532442573|     0.3290714622493027|
    -2.1523871532442573|     0.3290714622493027|
    -2.1523871532442573|      1.709050651486189|
    -2.1523871532442573|    -4.1442592178523565|
    -2.1523871532442573|     -2.200065466656426|
    -2.1523871532442573|     -2.200065466656426|
    -2.1523871532442573|     -2.200065466656426|
    -2.1523871532442573|    -2.5319466864566276|
    -2.1523871532442573|     1.0427566235268166|
    -2.1523871532442573|     1.0427566235268166|
    -2.1523871532442573|    -2.9503574204696115|
    -2.1523871532442573|     0.9435396396604983|
    -2.1523871532442573|   -0.22150876105774842|
    -2.1523871532442573|     0.8873055689663811|
    -2.1523871532442573|     -1.649576491513459|
    -2.1523871532442573|      4.519031570286721|
    -2.1523871532442573|      4.519031570286721|
    -2.1523871532442573|     4.9734058443124445|
    -2.1523871532442573|    -0.7753984161312051|
    -2.1523871532442573|    -0.9973492231255735|
    -2.1523871532442573|    -0.8051199827218342|
    -2.1523871532442573|     -4.666666743517048|
    -2.1523871532442573|     -4.666666743517048|
    -2.1523871532442573|      4.002375336785473|
    -2.1523871532442573|      4.002375336785473|
    -2.1523871532442573|      4.457641805213594|
    -2.1523871532442573|      4.544310418045055|
    -2.1523871532442573|     4.7832071534929606|
    -2.1523871532442573|    -3.7754481179440402|
    -2.1523871532442573|      4.426788997297045|
    -2.1523871532442573|    -3.0462550767045595|
    -2.1523871532442573|    -1.9370828845874999|
    -2.1523871532442573|    -3.2866350392697177|
    -2.1523871532442573|     -3.675083728832905|
    -2.1523871532442573|     -3.675083728832905|
    -2.1523871532442573|     -3.314868856878409|
    -2.1523871532442573|    -2.6636952020750106|
    -2.1523871532442573|    -2.6409934504520125|
    -2.1523871532442573|     -2.237093781216627|
    -2.1523871532442573|     -2.085694090698045|
    -2.1523871532442573|    -2.2243851838997197|
    -2.1523871532442573|    -2.2243851838997197|
    -2.1523871532442573|    -1.8133288053500805|
    -2.1523871532442573|    -1.3982481435056093|
    -2.1523871532442573|     2.6503744520344004|
    -2.1523871532442573|      2.916417977133001|
    -2.1523871532442573|     2.9814764769334183|
    -2.1523871532442573|    -1.9338223078871009|
    -2.1523871532442573|     -4.590544176749255|
    -2.1523871532442573|     3.4876641478944137|
    -2.1523871532442573|     3.5694496582680846|
    -2.1523871532442573|     0.5594610937965623|
    -2.1523871532442573|    -3.1271766473313036|
    -2.1523871532442573|     0.6310774875253058|
    -2.1523871532442573|     0.5229760264031089|
    -2.1523871532442573|     -2.685221705862455|
    -2.1523871532442573|     -2.475366254675917|
    -2.1523871532442573|    -1.1429162022528558|
    -2.1523871532442573|    -1.1429162022528558|
    -2.1523871532442573|    -1.5241183798905336|
    -2.1523871532442573|    -1.4519856195760155|
    -2.1523871532442573|   -0.27918714752861984|
    -2.1523871532442573|      4.285408904966905|
    -2.1523871532442573|     3.5382816579925223|
    -2.1523871532442573|      3.530704466339703|
    -2.1523871532442573|    -1.0287029439707807|
    -2.1523871532442573|     -3.567202624532303|
    -2.1523871532442573|    -3.4224164434059934|
    -2.1523871532442573|    -0.5464820315579395|
    -2.1523871532442573|     0.9472805979415755|
    -2.1523871532442573|     2.4950143356700893|
    -2.1523871532442573|     1.4968721559544482|
    -2.1523871532442573|     0.3102208848034813|
    -2.1523871532442573|    -2.8100621552900398|
    -2.1523871532442573|      1.632503702052789|
    -2.1523871532442573|     1.4059149746056931|
    -2.1523871532442573|     1.2724402994485273|
    -2.1523871532442573|     -2.297533984024197|
    -2.1523871532442573|    -1.8750514317584823|
    -2.1523871532442573|    -1.8750514317584823|
    -2.1523871532442573|    -1.9720385579419388|
    -2.1523871532442573|     -0.915917417440614|
    -2.1523871532442573|     -1.368958047405413|
    -2.1523871532442573|     -0.879463907743051|
    -2.1523871532442573|      2.153306322367335|
    -2.1523871532442573|     -1.456521583106849|
    -2.1523871532442573|     -1.456521583106849|
    -2.1523871532442573|    -1.0901462185008632|
    -2.1523871532442573|    -1.0901462185008632|
    -2.1523871532442573|    -1.5837798893488535|
    -2.1523871532442573|      4.482216401717116|
    -2.1523871532442573|     -3.510587884530244|
    -2.1523871532442573|     3.2723107187402185|
    -2.1523871532442573|     2.4908753530426084|
    -2.1523871532442573|     0.7712079213664378|
    -2.1523871532442573|     0.7712079213664378|
    -2.1523871532442573|     0.7712079213664378|
    -2.1523871532442573|     0.9582826843520114|
    -2.1523871532442573|     1.3558689030414222|
    -2.1523871532442573|     1.4446264599097012|
    -2.1523871532442573|      1.156502784157933|
    -2.1523871532442573|    -1.8041723014827027|
    -2.1523871532442573|    -1.8041723014827027|
    -2.1523871532442573|     0.5338682040894174|
    -2.1523871532442573|     0.5601403474713349|
    -2.1523871532442573|     1.0598775977134771|
    -2.1523871532442573|     1.2166504510258536|
    -2.1523871532442573|     1.8091451785473813|
    -2.1523871532442573|     2.0426993371300837|
    -2.1523871532442573|     0.9764141071089885|
    -2.1523871532442573|    -0.8956341853143881|
    -2.1523871532442573|      0.460505081342073|
    -2.1523871532442573|   0.007646073614809623|
    -2.1523871532442573|     1.8484107979086417|
    -2.1523871532442573|     1.8484107979086417|
    -2.1523871532442573|     1.7139305923398123|
    -2.1523871532442573|     0.9363282952156782|
    -2.1523871532442573|     0.9363282952156782|
    -2.1523871532442573|     0.6947088799279245|
    -2.1523871532442573|      -4.35672074039547|
    -2.1523871532442573|    -2.0511503982962145|
    -2.1523871532442573|     -0.717063481108756|
    -2.1523871532442573|    -0.5392438048332053|
    -2.1523871532442573|     3.0668366847734347|
    -2.1523871532442573|    -1.1434494222885414|
    -2.1523871532442573|      3.330292386028354|
    -2.1523871532442573|    -1.8245157584914917|
    -2.1523871532442573|     0.9242515930977282|
    -2.1523871532442573|     0.6413621007225341|
    -2.1523871532442573|     -4.952610753645329|
    -2.1523871532442573|     1.8821492358558363|
    -2.1523871532442573|     2.7190094789806354|
    -2.1523871532442573|     -4.083475332671817|
    -2.1523871532442573|     -4.083475332671817|
    -2.1523871532442573|     -2.272548715490105|
    -2.1523871532442573|      -2.37716685215984|
    -2.1523871532442573|      -2.37716685215984|
    -2.1523871532442573|      -2.37716685215984|
    -2.1523871532442573|     1.2036675526389242|
    -2.1523871532442573|     0.7043699895203941|
    -2.1523871532442573|      0.570912512047082|
    -2.1523871532442573|     3.2190241247658005|
    -2.1523871532442573|     2.7234112047046635|
    -2.1523871532442573|    0.40958887624741536|
    -2.1523871532442573|      1.681934792176949|
    -2.1523871532442573|      1.681934792176949|
    -2.1523871532442573|      1.681934792176949|
    -2.1523871532442573|    -1.8304979282982927|
    -2.1523871532442573|    -1.8304979282982927|
    -2.1523871532442573|      2.574184680152724|
    -2.1523871532442573|     0.9986641474357558|
    -2.1523871532442573|    -1.0691785747505844|
    -2.1523871532442573|    -1.1474897672957463|
    -2.1523871532442573|     -1.092963208248431|
    -2.1523871532442573|       3.12555838134716|
    -2.1523871532442573|     3.3268154278504483|
    -2.1523871532442573|     -4.470194495412033|
    -2.1523871532442573|    -3.4687223149052473|
    -2.1523871532442573|    -3.4687223149052473|
    -2.1523871532442573|       2.01278110544086|
    -2.1523871532442573|     0.6855078443451639|
    -2.1523871532442573|    -1.2121793521548394|
    -2.1523871532442573|    -1.8587704401862268|
    -2.1523871532442573|    -1.8587704401862268|
    -2.1523871532442573|     1.8107482180748589|
    -2.1523871532442573|      2.209366839867074|
    -2.1523871532442573|      2.209366839867074|
    -2.1523871532442573|    -0.6692405936501657|
    -2.1523871532442573|     -4.027835324069363|
    -2.1523871532442573|      2.824939666585329|
    -2.1523871532442573|    -1.5937742379017381|
    -2.1523871532442573|    -1.5937742379017381|
    -2.1523871532442573|      4.658870626291478|
    -2.1523871532442573|     1.6321140868450161|
    -2.1523871532442573|     1.6321140868450161|
    -2.1523871532442573|     1.6321140868450161|
    -2.1523871532442573|     1.6622494736066669|
    -2.1523871532442573|     1.6622494736066669|
    -2.1523871532442573|     0.7213479698721468|
    -2.1523871532442573|     0.5761090585671786|
    -2.1523871532442573|    -2.2438855500931387|
    -2.1523871532442573|    -1.9466052503316145|
    -2.1523871532442573|    -1.9466052503316145|
    -2.1523871532442573|    -1.9211789579448832|
    -2.1523871532442573|    -1.9211789579448832|
    -2.1523871532442573|    -1.9211789579448832|
    -2.1523871532442573|    -0.2586777132248699|
    -2.1523871532442573|    0.18533854782021386|
    -2.1523871532442573|  -0.027593501138227228|
    -2.1523871532442573|  -0.027593501138227228|
    -2.1523871532442573|     2.5726698813884807|
    -2.1523871532442573|     2.8777212984743326|
    -2.1523871532442573|     2.8777212984743326|
    -2.1523871532442573|   -0.00495012423718677|
    -2.1523871532442573|     3.3427090130922608|
    -2.1523871532442573|      3.244351458937427|
    -2.1523871532442573|    -2.4264273293571748|
    -2.1523871532442573|     1.6233042253296501|
    -2.1523871532442573|     1.5645223905175707|
    -2.1523871532442573|     2.4663597690925148|
    -2.1523871532442573|     2.4983197809141036|
    -2.1523871532442573|     2.4983197809141036|
    -2.1523871532442573|      2.868140146455847|
    -2.1523871532442573|     0.3026330358291327|
    -2.1523871532442573|    -1.9674172793049505|
    -2.1523871532442573|    -0.2456541033299251|
    -2.1523871532442573|     -2.019803192441809|
    -2.1523871532442573|     -2.019803192441809|
    -2.1523871532442573|     -2.019803192441809|
    -2.1523871532442573|     2.0322751008941875|
    -2.1523871532442573|     2.0322751008941875|
    -2.1523871532442573|     2.0322751008941875|
    -2.1523871532442573|     2.0322751008941875|
    -2.1523871532442573|     2.0313677054346684|
    -2.1523871532442573|    -3.7173369648730805|
    -2.1523871532442573|      1.467698275979128|
    -2.1523871532442573|     1.2410048800369142|
    -2.1523871532442573|     1.6681542322481286|
    -2.1523871532442573|    -0.9698002348668533|
    -2.1523871532442573|      1.245607062543579|
    -2.1523871532442573|    -1.2217617699867156|
    -2.1523871532442573|    -1.4656487786084205|
    -2.1523871532442573|    -1.4656487786084205|
    -2.1523871532442573|    -1.4656487786084205|
    -2.1523871532442573|    -1.4656487786084205|
    -2.1523871532442573|    -1.4656487786084205|
    -2.1523871532442573|     -2.872554001685174|
    -2.1523871532442573|     -2.972832138211242|
    -2.1523871532442573|     -2.972832138211242|
    -2.1523871532442573|     -2.984869667287701|
    -2.1523871532442573|     -2.984869667287701|
    -2.1523871532442573|    -3.4793880930929544|
    -2.1523871532442573|     -2.608564452426706|
    -2.1523871532442573|     -1.735565280823078|
    -2.1523871532442573|     -1.735565280823078|
    -2.1523871532442573|    -1.7089193122904078|
    -2.1523871532442573|    -1.7089193122904078|
    -2.1523871532442573|    -1.7089193122904078|
    -2.1523871532442573|     -2.884729646618837|
    -2.1523871532442573|   -0.31435746245941054|
    -2.1523871532442573|   -0.31435746245941054|
    -2.1523871532442573|     2.2741677485166614|
    -2.1523871532442573|     2.2741677485166614|
    -2.1523871532442573|     2.2741677485166614|
    -2.1523871532442573|     2.2741677485166614|
    -2.1523871532442573|     2.2741677485166614|
    -2.1523871532442573|     -2.343337242398158|
    -2.1523871532442573|    -2.6932407503029516|
    -2.1523871532442573|    -2.6932407503029516|
    -2.1523871532442573|     -2.459547425575772|
    -2.1523871532442573|    -2.3554090470840907|
    -2.1523871532442573|     -2.180378361888393|
    -2.1523871532442573|     -2.180378361888393|
    -2.1523871532442573|     -2.180378361888393|
    -2.1523871532442573|     -2.180378361888393|
    -2.1523871532442573|     -2.180378361888393|
    -2.1523871532442573|     -2.157142031210591|
    -2.1523871532442573|     -1.676159623663417|
    -2.1523871532442573|      1.310746976257919|
    -2.1523871532442573|      1.310746976257919|
    -2.1523871532442573|      1.310746976257919|
    -2.1523871532442573|      1.310746976257919|
    -2.1523871532442573|      1.310746976257919|
    -2.1523871532442573|      1.310746976257919|
    -2.1523871532442573|      1.310746976257919|
    -2.1523871532442573|   -0.49984320399438786|
    -2.1523871532442573|   -0.49984320399438786|
    -2.1523871532442573|      4.313650038808207|
    -2.1523871532442573|    -0.4905558957369074|
    -2.1523871532442573|    -0.4905558957369074|
    -2.1523871532442573|    -0.4905558957369074|
    -2.1523871532442573|    -1.4459727475018935|
    -2.1523871532442573|    -1.5818575236221832|
    -2.1523871532442573|    0.48028701235282156|
    -2.1523871532442573|    0.48028701235282156|
    -2.1523871532442573|     -2.702929524997948|
    -2.1523871532442573|     -4.106523136180486|
    -2.1523871532442573|    -3.7067386104241224|
    -2.1523871532442573|     0.5675691589075962|
    -2.1523871532442573|   -0.30598597346882883|
    -2.1523871532442573|   -0.30598597346882883|
    -2.1523871532442573|   -0.30598597346882883|
    -2.1523871532442573|      2.347019319516921|
    -2.1523871532442573|     1.8369298670868766|
    -2.1523871532442573|     1.8369298670868766|
    -2.1523871532442573|     2.2434250521888544|
    -2.1523871532442573|     2.2434250521888544|
    -2.1523871532442573|     2.2434250521888544|
    -2.1523871532442573|     2.2434250521888544|
    -2.1523871532442573|     1.9333453441810056|
    -2.1523871532442573|     1.9333453441810056|
    -2.1523871532442573|     1.9573893411638035|
    -2.1523871532442573|     2.3938623129305423|
    -2.1523871532442573|     2.3938623129305423|
    -2.1523871532442573|    -1.4897760511374059|
    -2.1523871532442573|    -1.4897760511374059|
    -2.1523871532442573|    -1.4897760511374059|
    -2.1523871532442573|    -1.9129367527561758|
    -2.1523871532442573|    -1.9129367527561758|
    -2.1523871532442573|    -1.9129367527561758|
    -2.1523871532442573|     -1.480991545064879|
    -2.1523871532442573|     -1.480991545064879|
    -2.1523871532442573|     -1.480991545064879|
    -2.1523871532442573|     -1.480991545064879|
    -2.1523871532442573|    -0.8702476353727846|
    -2.1523871532442573|     1.2907669568813365|
    -2.1523871532442573|     1.2907669568813365|
    -2.1523871532442573|     2.8894090664065075|
    -2.1523871532442573|     2.8894090664065075|
    -2.1523871532442573|     2.6930941736304312|
    -2.1523871532442573|    -1.6318863616664894|
    -2.1523871532442573|     1.8453160026871505|
    -2.1523871532442573|     2.0489291975943593|
    -2.1523871532442573|     2.0489291975943593|
    -2.1523871532442573|     0.8665145851134675|
    -2.1523871532442573|    -0.8712823466824293|
    -2.1523871532442573|     0.7548785350933702|
    -2.1523871532442573|      2.362808403549539|
    -2.1523871532442573|      -1.75785973369875|
    -2.1523871532442573|    -1.5028856461777504|
    -2.1523871532442573|    -1.5028856461777504|
    -2.1523871532442573|    -1.5028856461777504|
    -2.1523871532442573|    -1.5028856461777504|
    -2.1523871532442573|    -1.5028856461777504|
    -2.1523871532442573|     -1.476961337821082|
    -2.1523871532442573|     -1.476961337821082|
    -2.1523871532442573|     0.9546793824020838|
    -2.1523871532442573|    -0.9939343691266069|
    -2.1523871532442573|     -2.255014966979699|
    -2.1523871532442573|     0.7415512325437925|
    -2.1523871532442573|     0.7415512325437925|
    -2.1523871532442573|    -2.3334569900027855|
    -2.1523871532442573|    0.11286814960385438|
    -2.1523871532442573|     1.2785516072200807|
    -2.1523871532442573|     1.2785516072200807|
    -2.1523871532442573|     -2.322257810660211|
    -2.1523871532442573|     -2.322257810660211|
    -2.1523871532442573|     -2.322257810660211|
    -2.1523871532442573|      2.085126610933189|
    -2.1523871532442573|      2.085126610933189|
    -2.1523871532442573|      2.469338586155184|
    -2.1523871532442573|      2.469338586155184|
    -2.1523871532442573|      2.469338586155184|
    -2.1523871532442573|      2.469338586155184|
    -2.1523871532442573|      2.469338586155184|
    -2.1523871532442573|      2.469338586155184|
    -2.1523871532442573|    -0.2968659333192347|
    -2.1523871532442573|    -0.2968659333192347|
    -2.1523871532442573|     -2.912964233307307|
    -2.1523871532442573|    -2.1588071756940996|
    -2.1523871532442573|    -2.1588071756940996|
    -2.1523871532442573|    -2.1588071756940996|
    -2.1523871532442573|    -2.1588071756940996|
    -2.1523871532442573|    -2.1588071756940996|
    -2.1523871532442573|    -2.1588071756940996|
    -2.1523871532442573|    -2.1588071756940996|
    -2.1523871532442573|      2.649332035826993|
     2.2529884164250134|     2.2529884164250134|
     2.2529884164250134|     2.2529884164250134|
     2.2529884164250134|     2.2529884164250134|
     2.2529884164250134|     2.2529884164250134|
     2.2529884164250134|     2.2529884164250134|
     2.2529884164250134|     2.2529884164250134|
     2.2529884164250134|     2.2529884164250134|
     2.2529884164250134|     2.2529884164250134|
     2.2529884164250134|     3.2433584831197866|
     2.2529884164250134|     3.2433584831197866|
     2.2529884164250134|    -1.5163861495803355|
     2.2529884164250134|    -1.5163861495803355|
     2.2529884164250134|    -1.5163861495803355|
     2.2529884164250134|     1.6797370686337754|
     2.2529884164250134|     1.6797370686337754|
     2.2529884164250134|     1.6797370686337754|
     2.2529884164250134|     1.6797370686337754|
     2.2529884164250134|     1.6797370686337754|
     2.2529884164250134|     1.6797370686337754|
     2.2529884164250134|    -2.1306544340609737|
     2.2529884164250134|      2.609136309853871|
     2.2529884164250134|      2.929600421211927|
     2.2529884164250134|     0.1136205298523354|
     2.2529884164250134|    -2.9032085727870793|
     2.2529884164250134|    -2.9032085727870793|
     2.2529884164250134|      1.980678748497123|
     2.2529884164250134|     2.7124872192941663|
     2.2529884164250134|   -0.03192095267270112|
     2.2529884164250134|   -0.03192095267270112|
     2.2529884164250134|     1.9725062035965237|
     2.2529884164250134|     1.9725062035965237|
     2.2529884164250134|     1.9725062035965237|
     2.2529884164250134|     1.9725062035965237|
     2.2529884164250134|    -2.4335146684279274|
     2.2529884164250134|    -2.4335146684279274|
     2.2529884164250134|    -2.4335146684279274|
     2.2529884164250134|    -2.4335146684279274|
     2.2529884164250134|     1.0035872664735335|
     2.2529884164250134|     1.0035872664735335|
     2.2529884164250134|    -1.3101016136412227|
     2.2529884164250134|    -1.3101016136412227|
     2.2529884164250134|      2.431186738031446|
     2.2529884164250134|      2.431186738031446|
     2.2529884164250134|      2.431186738031446|
     2.2529884164250134|      2.479624215818113|
     2.2529884164250134|      2.479624215818113|
     2.2529884164250134|      2.479624215818113|
     2.2529884164250134|      2.479624215818113|
     2.2529884164250134|      2.479624215818113|
     2.2529884164250134|      2.479624215818113|
     2.2529884164250134|      2.479624215818113|
     2.2529884164250134|    0.41221866048439715|
     2.2529884164250134|    -1.4027340596805562|
     2.2529884164250134|     2.3782710873485557|
     2.2529884164250134|    -1.3603771540082157|
     2.2529884164250134|    -1.1932392527408788|
     2.2529884164250134|   -0.38645400367468863|
     2.2529884164250134|   -0.38645400367468863|
     2.2529884164250134|    -0.4382014854654548|
     2.2529884164250134|    -0.7168050578477427|
     2.2529884164250134|      2.027343612681598|
     2.2529884164250134|      2.027343612681598|
     2.2529884164250134|      2.027343612681598|
     2.2529884164250134|      2.027343612681598|
     2.2529884164250134|      2.027343612681598|
     2.2529884164250134|      2.004849156495138|
     2.2529884164250134|      2.004849156495138|
     2.2529884164250134|      2.255400097649871|
     2.2529884164250134|      2.255400097649871|
     2.2529884164250134|      2.255400097649871|
     2.2529884164250134|      2.255400097649871|
     2.2529884164250134|      2.255400097649871|
     2.2529884164250134|       2.05998391470942|
     2.2529884164250134|     1.5727127824314393|
     2.2529884164250134|      1.626449855744841|
     2.2529884164250134|      1.626449855744841|
     2.2529884164250134|      1.626449855744841|
     2.2529884164250134|      1.626449855744841|
     2.2529884164250134|      1.626449855744841|
     2.2529884164250134|       1.41212000154676|
     2.2529884164250134|       1.41212000154676|
     2.2529884164250134|       1.41212000154676|
     2.2529884164250134|       1.41212000154676|
     2.2529884164250134|      1.950449542975587|
     2.2529884164250134|     3.2536163591474647|
     2.2529884164250134|     3.2536163591474647|
     2.2529884164250134|     3.2536163591474647|
     2.2529884164250134|      3.313511786399101|
     2.2529884164250134|     1.0929488495230588|
     2.2529884164250134|     1.0929488495230588|
     2.2529884164250134|     1.0929488495230588|
     2.2529884164250134|     1.4898502424884585|
     2.2529884164250134|     1.0310818925663185|
     2.2529884164250134|     1.0310818925663185|
     2.2529884164250134|    -1.8872145359302248|
     2.2529884164250134|    -1.8872145359302248|
     2.2529884164250134|      2.187490846925301|
     2.2529884164250134|      2.187490846925301|
     2.2529884164250134|      2.187490846925301|
     2.2529884164250134|     2.0900620637951386|
     2.2529884164250134|     1.8084080829041647|
     2.2529884164250134|      2.735840279097581|
     2.2529884164250134|      2.735840279097581|
     2.2529884164250134|      2.735840279097581|
     2.2529884164250134|      2.735840279097581|
     2.2529884164250134|     2.2965917568213357|
     2.2529884164250134|     2.2965917568213357|
     2.2529884164250134|     1.7999751216277922|
     2.2529884164250134|     1.7999751216277922|
     2.2529884164250134|     1.7999751216277922|
     2.2529884164250134|     1.7999751216277922|
     2.2529884164250134|     1.7999751216277922|
     2.2529884164250134|     1.7999751216277922|
     2.2529884164250134|    -2.2830701674770673|
     2.2529884164250134|    -2.6687582517488875|
     2.2529884164250134|     -3.343785663661767|
     2.2529884164250134|     1.4487751753237932|
     2.2529884164250134|      1.760425492300278|
     2.2529884164250134|    -2.4771225625988382|
     2.2529884164250134|    -2.4771225625988382|
     2.2529884164250134|    -2.4771225625988382|
     2.2529884164250134|    -2.4771225625988382|
     2.2529884164250134|    -2.2424791686619363|
     2.2529884164250134|    -1.3058690439356777|
     2.2529884164250134|    -1.3058690439356777|
     2.2529884164250134|     -1.735643863472343|
     2.2529884164250134|     -1.735643863472343|
     2.2529884164250134|     -1.735643863472343|
     2.2529884164250134|     -1.735643863472343|
     2.2529884164250134|     -1.735643863472343|
     2.2529884164250134|     -1.735643863472343|
     2.2529884164250134|      2.002705807447466|
     2.2529884164250134|      2.002705807447466|
     2.2529884164250134|      2.194010770369557|
     2.2529884164250134|      2.194010770369557|
     2.2529884164250134|      2.194010770369557|
     2.2529884164250134|      2.194010770369557|
     2.2529884164250134|    -2.9641962193565807|
     2.2529884164250134|    -2.9641962193565807|
     2.2529884164250134|    -2.9641962193565807|
     2.2529884164250134|     1.6611811615734284|
     2.2529884164250134|     1.6611811615734284|
     2.2529884164250134|      2.907819415882022|
     2.2529884164250134|    -1.1366161637089367|
     2.2529884164250134|    -1.1366161637089367|
     2.2529884164250134|    -1.2067281220458932|
     2.2529884164250134|    -1.3877966235452894|
     2.2529884164250134|    -1.8186486074451746|
     2.2529884164250134|     -2.294144607044409|
     2.2529884164250134|     -2.294144607044409|
     2.2529884164250134|     -2.294144607044409|
     2.2529884164250134|     -2.294144607044409|
     2.2529884164250134|     2.9207805392647748|
     2.2529884164250134|      2.593559017870576|
     2.2529884164250134|     2.3550241962199867|
     2.2529884164250134|      2.158677990805365|
     2.2529884164250134|      2.158677990805365|
     2.2529884164250134|      2.158677990805365|
     2.2529884164250134|     1.4048201709372243|
     2.2529884164250134|      2.010757245002754|
     2.2529884164250134|     -2.082370151711237|
     2.2529884164250134|      2.669610410132666|
     2.2529884164250134|      2.669610410132666|
     2.2529884164250134|      2.669610410132666|
     2.2529884164250134|      2.669610410132666|
     2.2529884164250134|      2.669610410132666|
     2.2529884164250134|      2.669610410132666|
     2.2529884164250134|      2.276766887658151|
     2.2529884164250134|      2.276766887658151|
     2.2529884164250134|      2.276766887658151|
     2.2529884164250134|      2.654327306365209|
     2.2529884164250134|      2.654327306365209|
     2.2529884164250134|      2.654327306365209|
     2.2529884164250134|      2.654327306365209|
     2.2529884164250134|      2.654327306365209|
     2.2529884164250134|      2.654327306365209|
     2.2529884164250134|      2.654327306365209|
     2.2529884164250134|      2.654327306365209|
     2.2529884164250134|      2.654327306365209|
     2.2529884164250134|      2.654327306365209|
     2.2529884164250134|      2.654327306365209|
     2.2529884164250134|      2.654327306365209|
     2.2529884164250134|      2.654327306365209|
     2.2529884164250134|      2.654327306365209|
     2.2529884164250134|      2.654327306365209|
     2.2529884164250134|      2.654327306365209|
     2.2529884164250134|      2.654327306365209|
     2.2529884164250134|     1.6557585494078157|
     2.2529884164250134|     1.6557585494078157|
     2.2529884164250134|     1.6557585494078157|
     2.2529884164250134|      1.857502359426185|
     2.2529884164250134|      1.857502359426185|
     2.2529884164250134|      1.857502359426185|
     2.2529884164250134|      1.857502359426185|
     2.2529884164250134|      1.857502359426185|
     2.2529884164250134|      1.857502359426185|
     2.2529884164250134|      1.857502359426185|
     2.2529884164250134|      1.857502359426185|
     2.2529884164250134|      1.857502359426185|
     2.2529884164250134|     -2.566814683487012|
     2.2529884164250134|    -2.8053815108144824|
     2.2529884164250134|    -2.8053815108144824|
     2.2529884164250134|    -2.2226371994278615|
     2.2529884164250134|    -2.2226371994278615|
     2.2529884164250134|    -2.2226371994278615|
     2.2529884164250134|    -2.2856930490372998|
     2.2529884164250134|    -1.8983105287020043|
     2.2529884164250134|     2.6098031502949928|
     2.2529884164250134|     1.3820222472881225|
     2.2529884164250134|     1.6690286018778178|
     2.2529884164250134|     1.6690286018778178|
     2.2529884164250134|     1.6690286018778178|
     2.2529884164250134|     1.6690286018778178|
     2.2529884164250134|     1.6690286018778178|
     2.2529884164250134|     1.6690286018778178|
     2.2529884164250134|     1.6690286018778178|
     2.2529884164250134|      2.493452914294629|
     2.2529884164250134|      2.493452914294629|
     2.2529884164250134|      2.493452914294629|
     2.2529884164250134|      2.493452914294629|
     2.2529884164250134|      2.493452914294629|
     2.2529884164250134|      2.493452914294629|
     2.2529884164250134|      2.493452914294629|
     2.2529884164250134|      2.493452914294629|
     2.2529884164250134|      2.493452914294629|
     2.2529884164250134|      2.493452914294629|
     2.2529884164250134|      2.493452914294629|
     2.2529884164250134|      2.493452914294629|
     2.2529884164250134|      2.493452914294629|
     2.2529884164250134|      2.493452914294629|
     2.2529884164250134|      2.483297706030245|
     2.2529884164250134|      2.483297706030245|
     2.2529884164250134|      2.483297706030245|
     2.2529884164250134|      2.483297706030245|
     2.2529884164250134|      2.483297706030245|
     2.2529884164250134|      2.483297706030245|
     2.2529884164250134|      2.483297706030245|
     2.2529884164250134|      2.483297706030245|
     2.2529884164250134|     2.2201462790752577|
     2.2529884164250134|     2.2201462790752577|
     2.2529884164250134|     2.2201462790752577|
     2.2529884164250134|     2.2201462790752577|
     2.2529884164250134|     2.2694802628697683|
     2.2529884164250134|     2.6218140123399083|
     2.2529884164250134|     2.6218140123399083|
     2.2529884164250134|     -1.326645124459481|
     2.2529884164250134|    -1.7098838373059844|
     2.2529884164250134|    -1.7098838373059844|
     2.2529884164250134|    -1.7098838373059844|
     2.2529884164250134|    -1.7098838373059844|
     2.2529884164250134|    -1.7098838373059844|
     2.2529884164250134|    -1.7098838373059844|
     2.2529884164250134|    -1.7098838373059844|
     2.2529884164250134|    -1.7098838373059844|
     2.2529884164250134|    -1.7098838373059844|
     2.2529884164250134|    -1.7098838373059844|
     2.2529884164250134|    -1.9421339397273576|
     2.2529884164250134|    -1.9421339397273576|
     2.2529884164250134|    -1.9421339397273576|
     2.2529884164250134|    -1.9421339397273576|
     2.2529884164250134|    -1.9421339397273576|
     2.2529884164250134|    -1.9421339397273576|
     2.2529884164250134|    -1.9421339397273576|
     2.2529884164250134|    -1.9421339397273576|
     2.2529884164250134|    -1.9421339397273576|
     2.2529884164250134|    -1.9421339397273576|
     2.2529884164250134|    -1.7284037678272604|
     2.2529884164250134|    -1.7284037678272604|
     2.2529884164250134|    -1.7284037678272604|
     2.2529884164250134|    -1.7284037678272604|
     2.2529884164250134|    -1.7284037678272604|
     2.2529884164250134|    -1.7284037678272604|
     2.2529884164250134|    -1.7284037678272604|
     2.2529884164250134|    -1.7284037678272604|
     2.2529884164250134|    -1.7284037678272604|
     2.2529884164250134|    -1.7284037678272604|
     2.2529884164250134|    -1.7284037678272604|
     2.2529884164250134|     2.2735627823062696|
     2.2529884164250134|     2.2735627823062696|
     2.2529884164250134|     2.2735627823062696|
     2.2529884164250134|     2.2735627823062696|
     2.2529884164250134|     -2.373975120094559|
     2.2529884164250134|     -2.373975120094559|
     2.2529884164250134|     -2.373975120094559|
     2.2529884164250134|     -2.373975120094559|
     2.2529884164250134|    -2.1669159641165274|
     2.2529884164250134|    -2.1669159641165274|
     2.2529884164250134|    -2.1669159641165274|
     2.2529884164250134|    -2.1669159641165274|
     2.2529884164250134|    -2.1669159641165274|
     2.2529884164250134|    -2.1669159641165274|
     2.2529884164250134|    -2.1669159641165274|
     2.2529884164250134|    -2.1669159641165274|
     2.2529884164250134|    -2.1669159641165274|
     2.2529884164250134|    -2.1669159641165274|
     2.2529884164250134|    -2.1669159641165274|
     2.2529884164250134|    -2.1669159641165274|
     2.2529884164250134|    -2.1669159641165274|
     2.2529884164250134|    -2.1669159641165274|
     2.2529884164250134|    -2.1669159641165274|
     2.2529884164250134|    -2.1669159641165274|
     2.2529884164250134|    -2.1669159641165274|
     2.2529884164250134|    -2.1507102676259624|
     2.2529884164250134|    -2.1507102676259624|
     2.2529884164250134|    -2.1507102676259624|
     2.2529884164250134|    -2.1507102676259624|
     2.2529884164250134|    -2.1507102676259624|
     2.2529884164250134|    -2.1507102676259624|
     2.2529884164250134|    -2.1507102676259624|
     2.2529884164250134|    -2.1507102676259624|
     2.2529884164250134|    -2.1507102676259624|
     2.2529884164250134|    -2.1507102676259624|
     2.2529884164250134|    -2.1507102676259624|
     2.2529884164250134|    -2.1507102676259624|
     2.2529884164250134|    -2.1507102676259624|
     2.2529884164250134|    -2.1507102676259624|
     2.2529884164250134|    -2.1507102676259624|
     2.2529884164250134|    -1.7525589774988601|
     2.2529884164250134|    -1.7525589774988601|
     2.2529884164250134|    -1.7525589774988601|
     2.2529884164250134|    -1.7525589774988601|
     2.2529884164250134|     2.2777230375001354|
     2.2529884164250134|     2.2777230375001354|
     2.2529884164250134|     2.2777230375001354|
     2.2529884164250134|     2.2777230375001354|
     2.2529884164250134|     2.2777230375001354|
     2.2529884164250134|     2.2777230375001354|
     2.2529884164250134|     2.2777230375001354|
     2.2529884164250134|     2.2777230375001354|
     2.2529884164250134|     2.2777230375001354|
     2.2529884164250134|     2.2777230375001354|
     2.2529884164250134|     2.2777230375001354|
     2.2529884164250134|     2.0872521102795276|
     2.2529884164250134|     2.0872521102795276|
     2.2529884164250134|     2.2389189095850703|
     2.2529884164250134|     2.2389189095850703|
     2.2529884164250134|     2.2389189095850703|
     2.2529884164250134|     2.2389189095850703|
     2.2529884164250134|     2.2389189095850703|
     2.2529884164250134|     2.2389189095850703|
     2.2529884164250134|     2.2389189095850703|
     2.2529884164250134|     2.2389189095850703|
     2.2529884164250134|     2.2389189095850703|
     2.2529884164250134|     2.2389189095850703|
     2.2529884164250134|     2.2389189095850703|
     2.2529884164250134|     2.2389189095850703|
     2.2529884164250134|     2.2389189095850703|
     2.2529884164250134|     2.2389189095850703|
     2.2529884164250134|     2.2389189095850703|
     2.2529884164250134|     2.2389189095850703|
     2.2529884164250134|     2.2389189095850703|
     2.2529884164250134|     2.2389189095850703|
     2.2529884164250134|     2.2389189095850703|
     2.2529884164250134|     2.2389189095850703|
     2.2529884164250134|     2.2389189095850703|
     2.2529884164250134|     2.2389189095850703|
     2.2529884164250134|     2.2389189095850703|
     2.2529884164250134|     2.2389189095850703|
     2.2529884164250134|     2.2389189095850703|
     2.2529884164250134|     2.2389189095850703|
     2.2529884164250134|     2.2389189095850703|
     2.2529884164250134|     2.2389189095850703|
     2.2529884164250134|     2.2389189095850703|
     2.2529884164250134|     2.2389189095850703|
     2.2529884164250134|     2.2389189095850703|
     2.2529884164250134|     2.2389189095850703|
     2.2529884164250134|     2.2389189095850703|
     2.2529884164250134|     2.2389189095850703|
     2.2529884164250134|     2.2389189095850703|
     2.2529884164250134|     2.2389189095850703|
     2.2529884164250134|     2.2389189095850703|
     2.2529884164250134|     2.2389189095850703|
     2.2529884164250134|     2.2389189095850703|
     2.2529884164250134|     2.2389189095850703|
     2.2529884164250134|     2.2389189095850703|
     2.2529884164250134|     2.2389189095850703|
     2.2529884164250134|     2.2389189095850703|
     2.2529884164250134|     2.2389189095850703|
     2.2529884164250134|     2.2389189095850703|
     2.2529884164250134|     2.2389189095850703|
     2.2529884164250134|     2.2389189095850703|
     2.2529884164250134|     2.2389189095850703|
     2.2529884164250134|     2.2389189095850703|
     2.2529884164250134|     2.2389189095850703|
     2.2529884164250134|     2.2389189095850703|
     2.2529884164250134|     2.2389189095850703|
     2.2529884164250134|     -2.547287344423145|
     2.2529884164250134|     -2.547287344423145|
     2.2529884164250134|     -2.547287344423145|
     2.2529884164250134|     -2.547287344423145|
     2.2529884164250134|     -2.547287344423145|
     2.2529884164250134|     -2.547287344423145|
     2.2529884164250134|     -2.547287344423145|
     2.2529884164250134|     -2.547287344423145|
     2.2529884164250134|     -2.547287344423145|
     2.2529884164250134|     -2.547287344423145|
     2.2529884164250134|     -2.547287344423145|
     2.2529884164250134|     -2.547287344423145|
     2.2529884164250134|     -2.547287344423145|
     2.2529884164250134|     -2.547287344423145|
     2.2529884164250134|     -2.547287344423145|
     2.2529884164250134|     -2.547287344423145|
     2.2529884164250134|     -2.547287344423145|
     2.2529884164250134|     -2.547287344423145|
     2.2529884164250134|     -2.547287344423145|
     2.2529884164250134|     -2.547287344423145|
     2.2529884164250134|     -2.547287344423145|
     2.2529884164250134|     -2.547287344423145|
     2.2529884164250134|     -2.547287344423145|
     2.2529884164250134|     -2.547287344423145|
     2.2529884164250134|     -2.547287344423145|
     2.2529884164250134|     -2.547287344423145|
     2.2529884164250134|     -2.547287344423145|
     2.2529884164250134|     -2.547287344423145|
     2.2529884164250134|     -2.547287344423145|
     2.2529884164250134|     -2.547215805971977|
     2.2529884164250134|     -2.547215805971977|
     2.2529884164250134|     -2.547215805971977|
     2.2529884164250134|     -2.547215805971977|
     2.2529884164250134|     -2.547215805971977|
     2.2529884164250134|     -2.547215805971977|
     2.2529884164250134|     -2.547215805971977|
     2.2529884164250134|     -2.547215805971977|
     2.2529884164250134|     -2.547215805971977|
     2.2529884164250134|     -2.547215805971977|
     2.2529884164250134|     -2.547215805971977|
     2.2529884164250134|     -2.547215805971977|
     2.2529884164250134|     -2.547215805971977|
     2.2529884164250134|     -2.547215805971977|
     2.2529884164250134|     -2.547215805971977|
     2.2529884164250134|     -2.547215805971977|
     2.2529884164250134|     -2.547215805971977|
     2.2529884164250134|     -2.547215805971977|
     2.2529884164250134|     -2.180449868205067|
     2.2529884164250134|     -2.180449868205067|
     2.2529884164250134|     -2.180449868205067|
     2.2529884164250134|     -2.180449868205067|
     2.2529884164250134|     -2.180449868205067|
     2.2529884164250134|     -2.180449868205067|
     2.2529884164250134|     -2.180449868205067|
     2.2529884164250134|    -1.7181590063314347|
     2.2529884164250134|    -1.7181590063314347|
     2.2529884164250134|    -1.7181590063314347|
     2.2529884164250134|    -1.7181590063314347|
     2.2529884164250134|    -1.7181590063314347|
     2.2529884164250134|    -1.7181590063314347|
     2.2529884164250134|    -1.7181590063314347|
     2.2529884164250134|    -1.7181590063314347|
     2.2529884164250134|    -1.7181590063314347|
     2.2529884164250134|    -1.7181590063314347|
     2.2529884164250134|    -1.7181590063314347|
     2.2529884164250134|    -1.9411748454002113|
     2.2529884164250134|    -1.9411748454002113|
     2.2529884164250134|    -1.9411748454002113|
     2.2529884164250134|    -1.9411748454002113|
     2.2529884164250134|    -1.9411748454002113|
     2.2529884164250134|    -1.9411748454002113|
     2.2529884164250134|    -1.9411748454002113|
     2.2529884164250134|    -1.9411748454002113|
     2.2529884164250134|    -1.9411748454002113|
     2.2529884164250134|    -1.9411748454002113|
     2.2529884164250134|    -1.9411748454002113|
     2.2529884164250134|    -1.9411748454002113|
     2.2529884164250134|    -1.9411748454002113|
     2.2529884164250134|    -1.9411748454002113|
     2.2529884164250134|    -1.9411748454002113|
     2.2529884164250134|    -1.9411748454002113|
     2.2529884164250134|    -1.9411748454002113|
     2.2529884164250134|    -1.9411748454002113|
     2.2529884164250134|    -1.9411748454002113|
     2.2529884164250134|      -2.36817757908781|
     2.2529884164250134|      -2.36817757908781|
     2.2529884164250134|      -2.36817757908781|
     2.2529884164250134|      -2.36817757908781|
     2.2529884164250134|      -2.36817757908781|
     2.2529884164250134|      -2.36817757908781|
     2.2529884164250134|      -2.36817757908781|
     2.2529884164250134|      -2.36817757908781|
     2.2529884164250134|      -2.36817757908781|
     2.2529884164250134|      -2.36817757908781|
     2.2529884164250134|      -2.36817757908781|
     2.2529884164250134|      -2.36817757908781|
     2.2529884164250134|      -2.36817757908781|
     2.2529884164250134|      -2.36817757908781|
     2.2529884164250134|      -2.36817757908781|
     2.2529884164250134|      -2.36817757908781|
     2.2529884164250134|      -2.36817757908781|
     2.2529884164250134|      -2.36817757908781|
     2.2529884164250134|      -2.36817757908781|
     2.2529884164250134|      -2.36817757908781|
     2.2529884164250134|      -2.36817757908781|
     2.2529884164250134|      -2.36817757908781|
     2.2529884164250134|      -2.36817757908781|
     2.2529884164250134|      -2.36817757908781|
     2.2529884164250134|      -2.36817757908781|
     2.2529884164250134|      -2.36817757908781|
     2.2529884164250134|      -2.36817757908781|
     2.2529884164250134|      -2.36817757908781|
     2.2529884164250134|      -2.36817757908781|
     2.2529884164250134|      -2.36817757908781|
     2.2529884164250134|      -2.36817757908781|
     2.2529884164250134|      -2.36817757908781|
     2.2529884164250134|      -2.36817757908781|
     2.2529884164250134|      -2.36817757908781|
     2.2529884164250134|      -2.36817757908781|
     2.2529884164250134|      -2.36817757908781|
     2.2529884164250134|      -2.36817757908781|
     2.2529884164250134|      -2.36817757908781|
     2.2529884164250134|      -2.36817757908781|
     2.2529884164250134|      -2.36817757908781|
     2.2529884164250134|      -2.36817757908781|
     2.2529884164250134|      -2.15333495975542|
     2.2529884164250134|      -2.15333495975542|
     2.2529884164250134|      -2.15333495975542|
     2.2529884164250134|      -2.15333495975542|
     2.2529884164250134|      -2.15333495975542|
     2.2529884164250134|      -2.15333495975542|
     2.2529884164250134|      -2.15333495975542|
     2.2529884164250134|      -2.15333495975542|
     2.2529884164250134|      -2.15333495975542|
     2.2529884164250134|      -2.15333495975542|
     2.2529884164250134|      -2.15333495975542|
     2.2529884164250134|      -2.15333495975542|
     2.2529884164250134|      -2.15333495975542|
     2.2529884164250134|      -2.15333495975542|
     2.2529884164250134|      -2.15333495975542|
     2.2529884164250134|      -2.15333495975542|
     2.2529884164250134|      -2.15333495975542|
     2.2529884164250134|      -2.15333495975542|
     2.2529884164250134|      -2.15333495975542|
     2.2529884164250134|      -2.15333495975542|
     2.2529884164250134|      -2.15333495975542|
     2.2529884164250134|      -2.15333495975542|
     2.2529884164250134|      -2.15333495975542|
     2.2529884164250134|      -2.15333495975542|
     2.2529884164250134|      -2.15333495975542|
     2.2529884164250134|      -2.15333495975542|
     2.2529884164250134|      -2.15333495975542|
     2.2529884164250134|      -2.15333495975542|
     2.2529884164250134|      -2.15333495975542|
     2.2529884164250134|      -2.15333495975542|
     2.2529884164250134|      -2.15333495975542|
     2.2529884164250134|      -2.15333495975542|
     2.2529884164250134|      -2.15333495975542|
     2.2529884164250134|      -2.15333495975542|
     2.2529884164250134|      -2.15333495975542|
     2.2529884164250134|      -2.15333495975542|
     2.2529884164250134|      -2.15333495975542|
     2.2529884164250134|      -2.15333495975542|
     2.2529884164250134|      -2.15333495975542|
     2.2529884164250134|      -2.15333495975542|
     2.2529884164250134|      -2.15333495975542|
     2.2529884164250134|      -2.15333495975542|
     2.2529884164250134|      -2.15333495975542|
     2.2529884164250134|      -2.15333495975542|
     2.2529884164250134|      -2.15333495975542|
     2.2529884164250134|      -2.15333495975542|
     2.2529884164250134|      -2.15333495975542|
     2.2529884164250134|      -2.15333495975542|
     2.2529884164250134|      -2.15333495975542|
     2.2529884164250134|      -2.15333495975542|
     2.2529884164250134|      -2.15333495975542|
     2.2529884164250134|      -2.15333495975542|
     2.2529884164250134|      -2.15333495975542|
     2.2529884164250134|      -2.15333495975542|
     2.2529884164250134|      -2.15333495975542|
     2.2529884164250134|      -2.15333495975542|
     2.2529884164250134|      -2.15333495975542|
     2.2529884164250134|      -2.15333495975542|
     2.2529884164250134|      -2.15333495975542|
     2.2529884164250134|      -2.15333495975542|
     2.2529884164250134|      -2.15333495975542|
     2.2529884164250134|      -2.15333495975542|
     2.2529884164250134|      -2.15333495975542|
     2.2529884164250134|      -2.15333495975542|
     2.2529884164250134|      -2.15333495975542|
     2.2529884164250134|      -2.15333495975542|
     2.2529884164250134|      -2.15333495975542|
     2.2529884164250134|      -2.15333495975542|
     2.2529884164250134|      -2.15333495975542|
     2.2529884164250134|      -2.15333495975542|
     2.2529884164250134|      -2.15333495975542|
     2.2529884164250134|      -2.15333495975542|
     2.2529884164250134|      -2.15333495975542|
     2.2529884164250134|      -2.15333495975542|
     2.2529884164250134|      -2.15333495975542|
     2.2529884164250134|      -2.15333495975542|
     2.2529884164250134|      -2.15333495975542|
     2.2529884164250134|      -2.15333495975542|
     2.2529884164250134|      -2.15333495975542|
     2.2529884164250134|      -2.15333495975542|
     2.2529884164250134|      -2.15333495975542|
     2.2529884164250134|      -2.15333495975542|
     2.2529884164250134|      -2.15333495975542|
     2.2529884164250134|      -2.15333495975542|
     2.2529884164250134|      -2.15333495975542|
     2.2529884164250134|      -2.15333495975542|
     2.2529884164250134|      -2.15333495975542|
     2.2529884164250134|      -2.15333495975542|
     2.2529884164250134|      -2.15333495975542|
     2.2529884164250134|      -2.15333495975542|
     2.2529884164250134|      -2.15333495975542|
     2.2529884164250134|      -2.15333495975542|
     2.2529884164250134|      -2.15333495975542|
     2.2529884164250134|      -2.15333495975542|
     2.2529884164250134|      -2.15333495975542|
     2.2529884164250134|      -2.15333495975542|
     2.2529884164250134|      -2.15333495975542|
     2.2529884164250134|      -2.15333495975542|
     2.2529884164250134|      -2.15333495975542|
     2.2529884164250134|      -2.15333495975542|
     2.2529884164250134|      -2.15333495975542|
     2.2529884164250134|      -2.15333495975542|
     2.2529884164250134|      -2.15333495975542|
     2.2529884164250134|      -2.15333495975542|
     2.2529884164250134|      -2.15333495975542|
     2.2529884164250134|      -2.15333495975542|
     2.2529884164250134|      -2.15333495975542|
     2.2529884164250134|      -2.15333495975542|
     2.2529884164250134|      -2.15333495975542|
     2.2529884164250134|      -2.15333495975542|
     2.2529884164250134|      -2.15333495975542|
     2.2529884164250134|      -2.15333495975542|
     2.2529884164250134|      -2.15333495975542|
     2.2529884164250134|      -2.15333495975542|
     2.2529884164250134|      -2.15333495975542|
     2.2529884164250134|      -2.15333495975542|
     2.2529884164250134|      -2.15333495975542|
     2.2529884164250134|      -2.15333495975542|
     2.2529884164250134|      -2.15333495975542|
     2.2529884164250134|      -2.15333495975542|
     2.2529884164250134|      -2.15333495975542|
     2.2529884164250134|      -2.15333495975542|
     2.2529884164250134|      -2.15333495975542|
     2.2529884164250134|      -2.15333495975542|
     2.2529884164250134|      -2.15333495975542|
     2.2529884164250134|      -2.15333495975542|
     2.2529884164250134|      -2.15333495975542|
     2.2529884164250134|      -2.15333495975542|
     2.2529884164250134|      -2.15333495975542|
     2.2529884164250134|      -2.15333495975542|
     2.2529884164250134|      -2.15333495975542|
     2.2529884164250134|      -2.15333495975542|
     2.2529884164250134|      -2.15333495975542|
     2.2529884164250134|      -2.15333495975542|
     2.2529884164250134|      -2.15333495975542|
     2.2529884164250134|      -2.15333495975542|
     2.2529884164250134|      -2.15333495975542|
     2.2529884164250134|      -2.15333495975542|
     2.2529884164250134|      -2.15333495975542|
     2.2529884164250134|      -2.15333495975542|
     2.2529884164250134|    -2.1433604319920563|
     2.2529884164250134|    -2.1433604319920563|
     2.2529884164250134|    -2.1433604319920563|
     2.2529884164250134|    -2.1433604319920563|
     2.2529884164250134|    -2.1433604319920563|
     2.2529884164250134|    -2.1433604319920563|
     2.2529884164250134|    -2.1433604319920563|
     2.2529884164250134|    -2.1433604319920563|
     2.2529884164250134|    -2.1433604319920563|
     2.2529884164250134|    -2.1433604319920563|
     2.2529884164250134|    -2.1433604319920563|
     2.2529884164250134|    -2.1433604319920563|
     2.2529884164250134|    -2.1433604319920563|
     2.2529884164250134|    -2.1433604319920563|
     2.2529884164250134|    -2.1433604319920563|
     2.2529884164250134|    -2.1433604319920563|
     2.2529884164250134|    -2.1433604319920563|
     2.2529884164250134|    -2.1433604319920563|
     2.2529884164250134|    -2.1433604319920563|
     2.2529884164250134|    -2.1433604319920563|
     2.2529884164250134|    -2.1433604319920563|
     2.2529884164250134|    -2.1433604319920563|
     2.2529884164250134|    -2.1433604319920563|
     2.2529884164250134|    -2.1433604319920563|
     2.2529884164250134|    -2.1433604319920563|
     2.2529884164250134|    -2.1433604319920563|
     2.2529884164250134|    -2.1433604319920563|
     2.2529884164250134|    -2.1433604319920563|
     2.2529884164250134|    -2.1433604319920563|
     2.2529884164250134|    -2.1433604319920563|
     2.2529884164250134|    -2.1433604319920563|
     2.2529884164250134|    -2.1433604319920563|
     2.2529884164250134|    -2.1433604319920563|
     2.2529884164250134|    -2.1433604319920563|
     2.2529884164250134|    -2.1433604319920563|
     2.2529884164250134|    -2.1433604319920563|
     2.2529884164250134|    -2.1433604319920563|
     2.2529884164250134|    -2.1433604319920563|
     2.2529884164250134|    -2.1433604319920563|
     2.2529884164250134|    -2.1433604319920563|
     2.2529884164250134|    -2.1433604319920563|
     2.2529884164250134|    -2.1433604319920563|
     2.2529884164250134|    -2.1433604319920563|
     2.2529884164250134|    -2.1433604319920563|
     2.2529884164250134|    -2.1433604319920563|
     2.2529884164250134|    -2.1433604319920563|
     2.2529884164250134|    -2.1433604319920563|
     2.2529884164250134|    -2.1433604319920563|
     2.2529884164250134|    -2.1433604319920563|
     2.2529884164250134|    -2.1433604319920563|
     2.2529884164250134|    -2.1433604319920563|
     2.2529884164250134|    -2.1433604319920563|
     2.2529884164250134|    -2.1433604319920563|
     2.2529884164250134|    -2.1433604319920563|
     2.2529884164250134|    -2.1433604319920563|
     2.2529884164250134|    -2.1433604319920563|
     2.2529884164250134|    -2.1433604319920563|
     2.2529884164250134|    -2.1433604319920563|
     2.2529884164250134|    -2.1433604319920563|
     2.2529884164250134|    -2.1433604319920563|
     2.2529884164250134|     -1.949332470943638|
     2.2529884164250134|     -1.949332470943638|
     2.2529884164250134|     -1.949332470943638|
     2.2529884164250134|     -1.949332470943638|
     2.2529884164250134|     -1.949332470943638|
     2.2529884164250134|     -2.340870199935532|
     2.2529884164250134|     -2.340870199935532|
     2.2529884164250134|     -2.340870199935532|
     2.2529884164250134|     -2.340870199935532|
     2.2529884164250134|     -2.340870199935532|
     2.2529884164250134|     -2.340870199935532|
     2.2529884164250134|     -2.340870199935532|
     2.2529884164250134|     -2.340870199935532|
     2.2529884164250134|     -2.340870199935532|
     2.2529884164250134|    -2.1323314066580807|
     2.2529884164250134|    -2.1323314066580807|
     2.2529884164250134|    -2.1323314066580807|
     2.2529884164250134|    -2.1323314066580807|
     2.2529884164250134|    -2.1323314066580807|
     2.2529884164250134|    -2.1323314066580807|
     2.2529884164250134|    -2.1323314066580807|
     2.2529884164250134|    -2.1323314066580807|
     2.2529884164250134|    -2.1323314066580807|
     2.2529884164250134|    -2.1323314066580807|
     2.2529884164250134|    -2.1323314066580807|
     2.2529884164250134|    -2.1323314066580807|
     2.2529884164250134|    -2.1323314066580807|
     2.2529884164250134|    -2.1323314066580807|
     2.2529884164250134|    -2.1323314066580807|
     2.2529884164250134|    -2.1323314066580807|
     2.2529884164250134|    -2.1323314066580807|
     2.2529884164250134|    -2.1323314066580807|
     2.2529884164250134|    -2.1323314066580807|
     2.2529884164250134|    -2.1323314066580807|
     2.2529884164250134|    -2.1323314066580807|
     2.2529884164250134|    -2.1323314066580807|
     2.2529884164250134|    -2.1323314066580807|
     2.2529884164250134|    -2.1323314066580807|
     2.2529884164250134|    -2.1323314066580807|
     2.2529884164250134|    -2.1323314066580807|
     2.2529884164250134|    -2.1323314066580807|
     2.2529884164250134|    -2.1323314066580807|
     2.2529884164250134|    -2.1323314066580807|
     2.2529884164250134|    -2.1323314066580807|
     2.2529884164250134|    -2.1323314066580807|
     2.2529884164250134|    -2.1323314066580807|
     2.2529884164250134|    -2.1323314066580807|
     2.2529884164250134|    -2.1323314066580807|
     2.2529884164250134|    -2.1323314066580807|
     2.2529884164250134|    -2.1323314066580807|
     2.2529884164250134|    -2.1323314066580807|
     2.2529884164250134|    -2.1323314066580807|
     2.2529884164250134|    -2.1323314066580807|
     2.2529884164250134|    -2.1323314066580807|
     2.2529884164250134|    -2.1323314066580807|
     2.2529884164250134|    -2.1323314066580807|
     2.2529884164250134|    -2.1323314066580807|
     2.2529884164250134|    -2.1323314066580807|
     2.2529884164250134|    -2.1323314066580807|
     2.2529884164250134|    -2.1323314066580807|
     2.2529884164250134|    -2.1323314066580807|
     2.2529884164250134|    -2.1323314066580807|
     2.2529884164250134|    -2.1323314066580807|
     2.2529884164250134|    -2.1323314066580807|
     2.2529884164250134|     -2.153277932464408|
     2.2529884164250134|     -2.153277932464408|
     2.2529884164250134|     -2.153277932464408|
     2.2529884164250134|     -2.153277932464408|
     2.2529884164250134|     -2.153277932464408|
     2.2529884164250134|     -2.153277932464408|
     2.2529884164250134|     -2.153277932464408|
     2.2529884164250134|     -2.153277932464408|
     2.2529884164250134|     -2.153277932464408|
     2.2529884164250134|     -2.153277932464408|
     2.2529884164250134|     -2.153277932464408|
     2.2529884164250134|     -2.153277932464408|
     2.2529884164250134|     -2.153277932464408|
     2.2529884164250134|     -2.153277932464408|
     2.2529884164250134|     -2.153277932464408|
     2.2529884164250134|     -2.153277932464408|
     2.2529884164250134|     -2.153277932464408|
     2.2529884164250134|     -2.153277932464408|
     2.2529884164250134|     -2.153277932464408|
     2.2529884164250134|     -2.153277932464408|
     2.2529884164250134|     -2.153277932464408|
     2.2529884164250134|     -2.153277932464408|
     2.2529884164250134|     -2.153277932464408|
     2.2529884164250134|     -2.153277932464408|
     2.2529884164250134|     -2.153277932464408|
     2.2529884164250134|     -2.153277932464408|
     2.2529884164250134|     -2.153277932464408|
     2.2529884164250134|     -2.153277932464408|
     2.2529884164250134|     -2.153277932464408|
     2.2529884164250134|     -2.153277932464408|
     2.2529884164250134|     -2.153277932464408|
     2.2529884164250134|     -2.153277932464408|
     2.2529884164250134|     -2.153277932464408|
     2.2529884164250134|     -2.153277932464408|
     2.2529884164250134|     -2.153277932464408|
     2.2529884164250134|     -2.153277932464408|
     2.2529884164250134|     -2.153277932464408|
     2.2529884164250134|     -2.153277932464408|
     2.2529884164250134|     -2.153277932464408|
     2.2529884164250134|     -2.153277932464408|
     2.2529884164250134|     -2.347271944500937|
     2.2529884164250134|     -2.347271944500937|
     2.2529884164250134|     -2.347271944500937|
     2.2529884164250134|     -2.347271944500937|
     2.2529884164250134|     -2.347271944500937|
     2.2529884164250134|     -2.347271944500937|
     2.2529884164250134|     -2.347271944500937|
     2.2529884164250134|    -2.1388693143297157|
     2.2529884164250134|    -2.1388693143297157|
     2.2529884164250134|    -2.1388693143297157|
     2.2529884164250134|    -2.1388693143297157|
     2.2529884164250134|    -2.1388693143297157|
     2.2529884164250134|    -2.1388693143297157|
     2.2529884164250134|     2.2611941991535423|
     2.2529884164250134|     2.2611941991535423|
     2.2529884164250134|     2.2611941991535423|
     2.2529884164250134|     2.2611941991535423|
     2.2529884164250134|     2.2611941991535423|
     2.2529884164250134|     2.2611941991535423|
     2.2529884164250134|     2.2611941991535423|
     2.2529884164250134|     2.2611941991535423|
     2.2529884164250134|     2.2611941991535423|
     2.2529884164250134|     2.2611941991535423|
     2.2529884164250134|     2.2611941991535423|
     2.2529884164250134|     2.2611941991535423|
     2.2529884164250134|     2.2611941991535423|
     2.2529884164250134|     2.2611941991535423|
     2.2529884164250134|     2.2611941991535423|
     2.2529884164250134|     2.2611941991535423|
     2.2529884164250134|     2.2611941991535423|
     2.2529884164250134|     2.2611941991535423|
     2.2529884164250134|     2.2611941991535423|
     2.2529884164250134|     2.2611941991535423|
     2.2529884164250134|     2.2611941991535423|
     2.2529884164250134|     2.2611941991535423|
     2.2529884164250134|     2.2611941991535423|
     2.2529884164250134|     2.2611941991535423|
     2.2529884164250134|     2.2611941991535423|
     2.2529884164250134|     2.2611941991535423|
     2.2529884164250134|     2.2611941991535423|
     2.2529884164250134|     2.2611941991535423|
     2.2529884164250134|     2.2611941991535423|
     2.2529884164250134|     2.2611941991535423|
     2.2529884164250134|     2.2611941991535423|
     2.2529884164250134|     2.2611941991535423|
     2.2529884164250134|     2.2611941991535423|
     2.2529884164250134|     2.2611941991535423|
     2.2529884164250134|     2.2611941991535423|
     2.2529884164250134|     2.2611941991535423|
     2.2529884164250134|     2.2611941991535423|
     2.2529884164250134|     2.2611941991535423|
     2.2529884164250134|     2.2611941991535423|
     2.2529884164250134|     2.2611941991535423|
     2.2529884164250134|     2.2611941991535423|
     2.2529884164250134|     2.2611941991535423|
     2.2529884164250134|     2.2611941991535423|
     2.2529884164250134|     2.2611941991535423|
     2.2529884164250134|     -2.696467780509587|
     2.2529884164250134|    -2.8091251479641874|
     2.2529884164250134|    -2.8091251479641874|
     2.2529884164250134|    -2.5589903610110367|
     2.2529884164250134|    -2.5589903610110367|
     2.2529884164250134|    -2.5589903610110367|
     2.2529884164250134|    -2.5589903610110367|
     2.2529884164250134|    -2.5589903610110367|
     2.2529884164250134|    -2.5589903610110367|
     2.2529884164250134|    -2.5589903610110367|
     2.2529884164250134|    -2.5589903610110367|
     2.2529884164250134|    -2.5589903610110367|
     2.2529884164250134|    -2.5589903610110367|
     2.2529884164250134|    -2.5589903610110367|
     2.2529884164250134|    -2.5589903610110367|
     2.2529884164250134|    -2.5589903610110367|
     2.2529884164250134|    -2.5589903610110367|
     2.2529884164250134|    -2.5589903610110367|
     2.2529884164250134|    -2.5589903610110367|
     2.2529884164250134|     -2.368772198276775|
     2.2529884164250134|     -2.368772198276775|
     2.2529884164250134|     -2.368772198276775|
     2.2529884164250134|     -2.368772198276775|
     2.2529884164250134|     -2.368772198276775|
     2.2529884164250134|     -2.368772198276775|
     2.2529884164250134|     -2.368772198276775|
     2.2529884164250134|     -2.368772198276775|
     2.2529884164250134|     -2.368772198276775|
     2.2529884164250134|     -2.368772198276775|
     2.2529884164250134|     -2.368772198276775|
     2.2529884164250134|     -2.368772198276775|
     2.2529884164250134|     -2.368772198276775|
     2.2529884164250134|     -2.368772198276775|
     2.2529884164250134|     -2.368772198276775|
     2.2529884164250134|     -2.368772198276775|
     2.2529884164250134|     -2.368772198276775|
     2.2529884164250134|     -2.368772198276775|
     2.2529884164250134|     -2.368772198276775|
     2.2529884164250134|     -2.368772198276775|
     2.2529884164250134|     -2.368772198276775|
     2.2529884164250134|     -2.368772198276775|
     2.2529884164250134|     -2.368772198276775|
     2.2529884164250134|     -2.368772198276775|
     2.2529884164250134|     -2.368772198276775|
     2.2529884164250134|     -2.368772198276775|
     2.2529884164250134|     -2.368772198276775|
     2.2529884164250134|     -2.368772198276775|
     2.2529884164250134|     -2.368772198276775|
     2.2529884164250134|     -2.368772198276775|
     2.2529884164250134|     -2.368772198276775|
     2.2529884164250134|     -2.368772198276775|
     2.2529884164250134|     -2.368772198276775|
     2.2529884164250134|     -2.368772198276775|
     2.2529884164250134|     -2.368772198276775|
     2.2529884164250134|     -2.368772198276775|
     2.2529884164250134|     -2.368772198276775|
     2.2529884164250134|     -2.368772198276775|
     2.2529884164250134|     -2.368772198276775|
     2.2529884164250134|     -2.368772198276775|
     2.2529884164250134|     -2.368772198276775|
     2.2529884164250134|     -2.368772198276775|
     2.2529884164250134|     -2.368772198276775|
     2.2529884164250134|     -2.368772198276775|
     2.2529884164250134|     -2.368772198276775|
     2.2529884164250134|     -2.368772198276775|
     2.2529884164250134|      4.384925930166833|
     2.2529884164250134|      1.617118030255603|
     2.2529884164250134|      1.617118030255603|
     2.2529884164250134|      1.617118030255603|
     2.2529884164250134|      1.617118030255603|
     2.2529884164250134|      1.617118030255603|
     2.2529884164250134|      1.617118030255603|
     2.2529884164250134|      1.617118030255603|
     2.2529884164250134|      1.617118030255603|
     2.2529884164250134|      1.617118030255603|
     2.2529884164250134|      1.617118030255603|
     2.2529884164250134|      1.617118030255603|
     2.2529884164250134|      1.617118030255603|
     2.2529884164250134|      1.617118030255603|
     2.2529884164250134|     2.0704246928050116|
     2.2529884164250134|     2.0704246928050116|
     2.2529884164250134|     2.0704246928050116|
     2.2529884164250134|     2.0704246928050116|
     2.2529884164250134|     2.0704246928050116|
     2.2529884164250134|     2.0704246928050116|
     2.2529884164250134|     2.0704246928050116|
     2.2529884164250134|     2.0704246928050116|
     2.2529884164250134|     2.0704246928050116|
     2.2529884164250134|     2.0704246928050116|
     2.2529884164250134|     2.0704246928050116|
     2.2529884164250134|     2.0704246928050116|
     2.2529884164250134|     2.0704246928050116|
     2.2529884164250134|     2.0704246928050116|
     2.2529884164250134|     2.0603794826935165|
     2.2529884164250134|     2.0603794826935165|
     2.2529884164250134|     2.0603794826935165|
     2.2529884164250134|     2.0603794826935165|
     2.2529884164250134|     2.2729460287808645|
     2.2529884164250134|     2.2729460287808645|
     2.2529884164250134|     2.2729460287808645|
     2.2529884164250134|     2.2729460287808645|
     2.2529884164250134|     2.2729460287808645|
     2.2529884164250134|     2.2729460287808645|
     2.2529884164250134|     2.2729460287808645|
     2.2529884164250134|     2.2729460287808645|
     2.2529884164250134|     2.2729460287808645|
     2.2529884164250134|     2.2729460287808645|
     2.2529884164250134|    -1.9296839039452407|
     2.2529884164250134|    -1.9296839039452407|
     2.2529884164250134|    -1.9296839039452407|
     2.2529884164250134|    -1.9296839039452407|
     2.2529884164250134|    -1.9296839039452407|
     2.2529884164250134|    -1.9296839039452407|
     2.2529884164250134|    -1.9296839039452407|
     2.2529884164250134|    -1.9296839039452407|
     2.2529884164250134|    -1.9296839039452407|
     2.2529884164250134|    -1.9296839039452407|
     2.2529884164250134|    -1.9296839039452407|
     2.2529884164250134|    -1.9296839039452407|
     2.2529884164250134|    -1.9296839039452407|
     2.2529884164250134|    -1.9296839039452407|
     2.2529884164250134|    -1.9296839039452407|
     2.2529884164250134|    -1.9296839039452407|
     2.2529884164250134|    -1.9296839039452407|
     2.2529884164250134|    -1.9296839039452407|
     2.2529884164250134|    -1.9296839039452407|
     2.2529884164250134|    -1.9296839039452407|
     2.2529884164250134|    -1.9296839039452407|
     2.2529884164250134|    -1.9296839039452407|
     2.2529884164250134|    -1.9296839039452407|
     2.2529884164250134|    -1.9296839039452407|
     2.2529884164250134|    -1.9296839039452407|
     2.2529884164250134|    -1.9296839039452407|
     2.2529884164250134|    -1.9296839039452407|
     2.2529884164250134|    -1.9296839039452407|
     2.2529884164250134|    -1.9296839039452407|
     2.2529884164250134|    -1.9296839039452407|
     2.2529884164250134|    -1.9296839039452407|
     2.2529884164250134|    -1.9296839039452407|
     2.2529884164250134|    -1.9296839039452407|
     2.2529884164250134|    -1.9296839039452407|
     2.2529884164250134|    -1.9296839039452407|
     2.2529884164250134|    -1.9296839039452407|
     2.2529884164250134|    -2.1525686775556125|
     2.2529884164250134|    -2.1525686775556125|
     2.2529884164250134|    -2.1525686775556125|
     2.2529884164250134|    -2.1525686775556125|
     2.2529884164250134|    -2.1525686775556125|
     2.2529884164250134|    -2.1525686775556125|
     2.2529884164250134|    -2.1525686775556125|
     2.2529884164250134|    -2.1525686775556125|
     2.2529884164250134|    -2.1525686775556125|
     2.2529884164250134|    -2.1525686775556125|
     2.2529884164250134|    -2.1525686775556125|
     2.2529884164250134|    -2.1525686775556125|
     2.2529884164250134|    -2.1525686775556125|
     2.2529884164250134|    -2.1525686775556125|
     2.2529884164250134|    -2.1525686775556125|
     2.2529884164250134|    -2.1525686775556125|
     2.2529884164250134|    -2.1525686775556125|
     2.2529884164250134|    -2.1525686775556125|
     2.2529884164250134|    -2.1525686775556125|
     2.2529884164250134|    -2.1525686775556125|
     2.2529884164250134|    -2.1525686775556125|
     2.2529884164250134|    -2.1525686775556125|
     2.2529884164250134|    -2.1525686775556125|
     2.2529884164250134|    -2.1525686775556125|
     2.2529884164250134|    -2.1525686775556125|
     2.2529884164250134|    -2.1525686775556125|
     2.2529884164250134|    -2.1525686775556125|
     2.2529884164250134|    -2.1525686775556125|
     2.2529884164250134|    -2.1525686775556125|
     2.2529884164250134|    -2.1525686775556125|
     2.2529884164250134|    -2.1525686775556125|
     2.2529884164250134|    -2.1525686775556125|
     2.2529884164250134|    -2.1525686775556125|
     2.2529884164250134|    -2.1525686775556125|
     2.2529884164250134|    -2.1525686775556125|
     2.2529884164250134|    -2.1525686775556125|
     2.2529884164250134|    -2.1525686775556125|
     2.2529884164250134|    -2.1525686775556125|
     2.2529884164250134|    -2.1525686775556125|
     2.2529884164250134|    -2.1525686775556125|
     2.2529884164250134|    -2.1525686775556125|
     2.2529884164250134|    -2.1525686775556125|
     2.2529884164250134|    -2.1525686775556125|
     2.2529884164250134|    -2.1525686775556125|
     2.2529884164250134|    -2.1525686775556125|
     2.2529884164250134|    -2.1525686775556125|
     2.2529884164250134|    -2.1525686775556125|
     2.2529884164250134|    -2.1525686775556125|
     2.2529884164250134|    -2.1525686775556125|
     2.2529884164250134|    -2.1525686775556125|
     2.2529884164250134|    -2.1525686775556125|
     2.2529884164250134|    -2.1525686775556125|
     2.2529884164250134|    -2.1525686775556125|
     2.2529884164250134|    -2.1525686775556125|
     2.2529884164250134|    -2.1525686775556125|
     2.2529884164250134|    -2.1525686775556125|
     2.2529884164250134|    -2.1525686775556125|
     2.2529884164250134|    -2.1525686775556125|
     2.2529884164250134|    -2.1525686775556125|
     2.2529884164250134|    -2.1525686775556125|
     2.2529884164250134|    -2.1525686775556125|
     2.2529884164250134|    -2.1525686775556125|
